# Input: /dev/stdin
# Nodes: 12145
# Edges: 1888493
# Algoritm: Cluset-Newman-Moore
# Modularity: 0.442073
# Communities: 426
# NId	CommunityId
9784 0
9786 0
9787 0
9793 0
9794 0
9795 0
9796 0
9809 0
9811 0
9812 0
9813 0
9814 0
9816 0
9817 0
9818 0
9819 0
9821 0
9823 0
14873 0
15253 0
9785 0
9797 0
9798 0
9799 0
9800 0
9801 0
9802 0
9810 0
9815 0
9822 0
10083 0
10085 0
10089 0
10096 0
14890 0
15288 0
10084 0
10090 0
10091 0
10097 0
10128 0
10130 0
10134 0
10141 0
14893 0
15292 0
10129 0
10135 0
10136 0
10142 0
10053 0
10055 0
10059 0
10066 0
14888 0
15308 0
10054 0
10060 0
10061 0
10067 0
9649 0
9651 0
9655 0
9662 0
14859 0
15333 0
9650 0
9656 0
9657 0
9663 0
9538 0
9539 0
9540 0
9541 0
9543 0
9547 0
9548 0
9556 0
9557 0
14852 0
15378 0
9542 0
9549 0
9550 0
9551 0
9558 0
9559 0
4368 0
4370 0
11715 0
11717 0
11721 0
11728 0
15032 0
15381 0
4371 0
4373 0
11716 0
11722 0
11723 0
11729 0
10008 0
10010 0
10014 0
10021 0
14885 0
15387 0
10009 0
10015 0
10016 0
10022 0
4282 0
4283 0
4375 0
4376 0
9528 0
9531 0
9532 0
9544 0
9546 0
9553 0
9555 0
9560 0
9561 0
9562 0
9563 0
9565 0
9566 0
9567 0
9568 0
9570 0
9572 0
9575 0
9576 0
9577 0
9578 0
9580 0
9581 0
9582 0
9584 0
9586 0
9589 0
9590 0
9591 0
9592 0
9594 0
9595 0
9596 0
9597 0
9599 0
9601 0
9604 0
9605 0
9606 0
9607 0
9609 0
9610 0
9611 0
9612 0
9614 0
9616 0
9619 0
9620 0
9621 0
9622 0
9624 0
9625 0
9626 0
9627 0
9629 0
9631 0
9634 0
9635 0
9636 0
9637 0
9639 0
9640 0
9641 0
9642 0
9644 0
9646 0
9652 0
9654 0
9659 0
9661 0
9788 0
9792 0
9804 0
9808 0
9826 0
9827 0
9828 0
9830 0
9834 0
9835 0
9837 0
9840 0
9844 0
9854 0
9855 0
14851 0
15396 0
4285 0
4286 0
4378 0
4379 0
9529 0
9535 0
9536 0
9545 0
9554 0
9564 0
9571 0
9579 0
9585 0
9593 0
9600 0
9608 0
9615 0
9623 0
9630 0
9638 0
9645 0
9653 0
9660 0
9790 0
9806 0
9829 0
9832 0
9842 0
9857 0
9858 0
11640 0
11642 0
11646 0
11653 0
15027 0
15421 0
11641 0
11647 0
11648 0
11654 0
9533 0
9767 0
9769 0
9770 0
9771 0
9772 0
9774 0
9775 0
9776 0
9777 0
9779 0
9781 0
9789 0
9805 0
9831 0
9836 0
9838 0
9841 0
14871 0
15439 0
9537 0
9768 0
9773 0
9780 0
9791 0
9807 0
9833 0
9843 0
11655 0
11657 0
11661 0
11668 0
15028 0
15452 0
11656 0
11662 0
11663 0
11669 0
11670 0
11672 0
11676 0
11683 0
15029 0
15483 0
11671 0
11677 0
11678 0
11684 0
9647 0
14858 0
15497 0
9648 0
10098 0
10100 0
10104 0
10111 0
14891 0
15508 0
10099 0
10105 0
10106 0
10112 0
9963 0
9965 0
9969 0
9976 0
14882 0
15510 0
9964 0
9970 0
9971 0
9977 0
11700 0
11702 0
11706 0
11713 0
15031 0
15534 0
11701 0
11707 0
11708 0
11714 0
9978 0
9980 0
9984 0
9991 0
14883 0
15535 0
9979 0
9985 0
9986 0
9992 0
9602 0
9853 0
14855 0
15545 0
9603 0
9856 0
10113 0
10115 0
10119 0
10126 0
14892 0
15547 0
10114 0
10120 0
10121 0
10127 0
9824 0
14874 0
15600 0
9825 0
9170 0
9859 0
14820 0
15622 0
9171 0
9862 0
9782 0
14872 0
15722 0
9783 0
9573 0
14853 0
15734 0
9574 0
4281 0
4374 0
9617 0
14856 0
15821 0
4284 0
4377 0
9618 0
9632 0
14857 0
15849 0
9633 0
9587 0
14854 0
15875 0
9588 0
10068 0
10070 0
10074 0
10081 0
14889 0
15911 0
10069 0
10075 0
10076 0
10082 0
9903 0
9905 0
9909 0
9916 0
14878 0
15912 0
9904 0
9910 0
9911 0
9917 0
9948 0
9950 0
9954 0
9961 0
14881 0
15919 0
9949 0
9955 0
9956 0
9962 0
9888 0
9890 0
9894 0
9901 0
14877 0
15955 0
9889 0
9895 0
9896 0
9902 0
8830 0
9847 0
14803 0
15971 0
8831 0
9850 0
4325 0
4326 0
4369 0
11643 0
11645 0
11650 0
11652 0
11658 0
11660 0
11665 0
11667 0
11673 0
11675 0
11680 0
11682 0
11685 0
11686 0
11687 0
11688 0
11690 0
11691 0
11692 0
11693 0
11695 0
11697 0
11703 0
11705 0
11710 0
11712 0
11718 0
11720 0
11725 0
11727 0
15026 0
15975 0
4327 0
4328 0
4372 0
11644 0
11651 0
11659 0
11666 0
11674 0
11681 0
11689 0
11696 0
11704 0
11711 0
11719 0
11726 0
10023 0
10025 0
10029 0
10036 0
14886 0
15980 0
10024 0
10030 0
10031 0
10037 0
9530 0
9845 0
14875 0
16039 0
9534 0
9846 0
9918 0
9920 0
9924 0
9931 0
14879 0
16047 0
9919 0
9925 0
9926 0
9932 0
4380 0
4381 0
4382 0
4383 0
4384 0
4385 0
4386 0
4387 0
4388 0
4389 0
4390 0
14443 0
16058 0
4391 0
4392 0
4393 0
9865 0
9866 0
9867 0
9868 0
9869 0
9870 0
9871 0
9872 0
9873 0
9874 0
9875 0
9876 0
9877 0
9878 0
9879 0
9880 0
9881 0
9882 0
9883 0
9891 0
9893 0
9898 0
9900 0
9906 0
9908 0
9913 0
9915 0
9921 0
9923 0
9928 0
9930 0
9933 0
9934 0
9935 0
9936 0
9938 0
9939 0
9940 0
9941 0
9943 0
9945 0
9951 0
9953 0
9958 0
9960 0
9966 0
9968 0
9973 0
9975 0
9981 0
9983 0
9988 0
9990 0
9993 0
9994 0
9995 0
9996 0
9998 0
9999 0
10000 0
10001 0
10003 0
10005 0
10011 0
10013 0
10018 0
10020 0
10026 0
10028 0
10033 0
10035 0
10038 0
10039 0
10040 0
10041 0
10043 0
10044 0
10045 0
10046 0
10048 0
10050 0
10056 0
10058 0
10063 0
10065 0
10071 0
10073 0
10078 0
10080 0
10086 0
10088 0
10093 0
10095 0
10101 0
10103 0
10108 0
10110 0
10116 0
10118 0
10123 0
10125 0
10131 0
10133 0
10138 0
10140 0
14876 0
16064 0
9884 0
9885 0
9886 0
9887 0
9892 0
9899 0
9907 0
9914 0
9922 0
9929 0
9937 0
9944 0
9952 0
9959 0
9967 0
9974 0
9982 0
9989 0
9997 0
10004 0
10012 0
10019 0
10027 0
10034 0
10042 0
10049 0
10057 0
10064 0
10072 0
10079 0
10087 0
10094 0
10102 0
10109 0
10117 0
10124 0
10132 0
10139 0
9946 0
14880 0
16065 0
9947 0
10051 0
14887 0
16085 0
10052 0
11698 0
15030 0
16087 0
11699 0
10006 0
14884 0
16090 0
10007 0
8826 0
9166 0
9524 0
9552 0
9569 0
9583 0
9598 0
9613 0
9628 0
9643 0
9658 0
9763 0
9778 0
9803 0
9820 0
9839 0
9897 0
9912 0
9927 0
9942 0
9957 0
9972 0
9987 0
10002 0
10017 0
10032 0
10047 0
10062 0
10077 0
10092 0
10107 0
10122 0
10137 0
11649 0
11664 0
11679 0
11694 0
11709 0
11724 0
10886 1
10888 1
10892 1
10887 1
10893 1
10894 1
9709 1
9711 1
9715 1
9710 1
9716 1
9717 1
10559 1
10561 1
10565 1
10560 1
10566 1
10567 1
8832 1
8834 1
8838 1
8833 1
8839 1
8840 1
12828 1
12830 1
12834 1
12829 1
12835 1
12836 1
8157 1
8158 1
8159 1
8160 1
8165 1
8166 1
8173 1
8182 1
8600 1
8602 1
8604 1
8606 1
8607 1
8609 1
8611 1
8617 1
8618 1
8619 1
8620 1
8621 1
8623 1
8624 1
8627 1
8628 1
8632 1
8638 1
8639 1
8643 1
8645 1
8647 1
8649 1
8650 1
8652 1
8654 1
8660 1
8661 1
8662 1
8663 1
8664 1
8666 1
8667 1
8670 1
8671 1
8675 1
8681 1
8682 1
8686 1
8688 1
8690 1
8692 1
8693 1
8697 1
8701 1
8711 1
8712 1
8713 1
8717 1
8722 1
8732 1
8733 1
8737 1
8739 1
8741 1
8743 1
8744 1
8748 1
8752 1
8762 1
8763 1
8764 1
8768 1
8773 1
8783 1
8784 1
14788 1
15303 1
8161 1
8162 1
8163 1
8164 1
8174 1
8183 1
8601 1
8605 1
8610 1
8613 1
8616 1
8626 1
8629 1
8634 1
8637 1
8644 1
8648 1
8653 1
8656 1
8659 1
8669 1
8672 1
8677 1
8680 1
8687 1
8691 1
8698 1
8699 1
8700 1
8705 1
8710 1
8726 1
8731 1
8738 1
8742 1
8749 1
8750 1
8751 1
8756 1
8761 1
8777 1
8782 1
6328 1
6330 1
6334 1
6329 1
6335 1
6336 1
6373 1
6375 1
6379 1
6374 1
6380 1
6381 1
11079 1
11081 1
11085 1
11080 1
11086 1
11087 1
9244 1
9246 1
9250 1
9245 1
9251 1
11513 1
11517 1
11519 1
11520 1
11521 1
11524 1
11527 1
11528 1
11529 1
11530 1
11532 1
11535 1
11733 1
11763 1
11793 1
11823 1
11512 1
11516 1
11522 1
11525 1
11533 1
11536 1
11737 1
11767 1
11797 1
11827 1
8685 1
8694 1
8695 1
8696 1
8714 1
8715 1
8716 1
8734 1
15237 1
15336 1
8689 1
8718 1
8719 1
8720 1
8735 1
9187 1
9189 1
9193 1
9188 1
9194 1
9195 1
10844 1
10845 1
10846 1
10851 1
10852 1
10859 1
10848 1
10849 1
10850 1
10860 1
10861 1
10862 1
4247 1
4249 1
4253 1
4248 1
4254 1
10143 1
10145 1
10149 1
10144 1
10150 1
8922 1
8924 1
8928 1
8923 1
8929 1
8930 1
6283 1
6285 1
6289 1
6284 1
6290 1
6291 1
12138 1
12140 1
12144 1
12139 1
12145 1
12146 1
8736 1
8745 1
8746 1
8747 1
8765 1
8766 1
8767 1
8785 1
15238 1
15380 1
8740 1
8769 1
8770 1
8771 1
8786 1
4277 1
4278 1
14989 1
15386 1
4279 1
4280 1
9515 1
9517 1
9521 1
9516 1
9522 1
9523 1
4291 1
4293 1
10456 1
10458 1
10462 1
4296 1
10457 1
10463 1
4311 1
4313 1
12917 1
12919 1
12923 1
4316 1
12918 1
12924 1
12925 1
8599 1
8608 1
8622 1
8640 1
14797 1
15405 1
8603 1
8625 1
8630 1
8641 1
4265 1
4266 1
14772 1
15411 1
4267 1
4268 1
7937 1
7938 1
7939 1
7940 1
7945 1
7946 1
7953 1
7964 1
14780 1
15412 1
7941 1
7942 1
7943 1
7944 1
7954 1
7955 1
7956 1
7965 1
9410 1
9412 1
9416 1
9411 1
9417 1
9418 1
4178 1
9380 1
9382 1
9386 1
4181 1
9381 1
9387 1
9388 1
10185 1
10187 1
10191 1
10186 1
10192 1
9754 1
9756 1
9760 1
9755 1
9761 1
9762 1
13082 1
13085 1
13086 1
13087 1
13088 1
13098 1
13099 1
13100 1
13112 1
13091 1
13094 1
13095 1
13096 1
13097 1
13113 1
13114 1
13115 1
13116 1
8076 1
8077 1
8078 1
8079 1
8084 1
8085 1
8092 1
8101 1
14785 1
15450 1
8080 1
8081 1
8082 1
8083 1
8093 1
8102 1
12990 1
12992 1
12996 1
12991 1
12997 1
12998 1
8184 1
8185 1
8186 1
8187 1
8192 1
8193 1
8194 1
8195 1
8196 1
8197 1
8208 1
8209 1
8210 1
8225 1
8263 1
8266 1
8269 1
8272 1
8275 1
8278 1
8280 1
8281 1
8282 1
8283 1
8284 1
8285 1
8286 1
8287 1
8293 1
8294 1
8295 1
8299 1
8300 1
8301 1
8302 1
8304 1
8305 1
8311 1
8312 1
8313 1
8320 1
8323 1
8326 1
8329 1
8332 1
8335 1
8337 1
8338 1
8339 1
8340 1
8341 1
8342 1
8343 1
8344 1
8350 1
8351 1
8352 1
8356 1
8357 1
8358 1
8359 1
8361 1
8362 1
8368 1
8369 1
8370 1
8377 1
8380 1
8383 1
8386 1
8389 1
8392 1
8394 1
8395 1
8396 1
8397 1
8398 1
8399 1
8400 1
8401 1
8407 1
8408 1
8409 1
8413 1
8414 1
8415 1
8416 1
8418 1
8419 1
8425 1
8426 1
8427 1
8434 1
8437 1
8440 1
8443 1
8446 1
8449 1
8451 1
8452 1
8453 1
8454 1
8459 1
8460 1
8461 1
8465 1
8466 1
8468 1
8473 1
8474 1
8475 1
8533 1
8536 1
8539 1
8542 1
8545 1
8548 1
8551 1
8553 1
8555 1
8557 1
8563 1
8564 1
8565 1
8570 1
8571 1
8572 1
8576 1
8577 1
8578 1
8581 1
8582 1
8585 1
8591 1
8592 1
8593 1
14789 1
15457 1
8188 1
8189 1
8190 1
8191 1
8211 1
8212 1
8213 1
8226 1
8265 1
8267 1
8274 1
8276 1
8288 1
8289 1
8291 1
8297 1
8306 1
8307 1
8309 1
8315 1
8322 1
8324 1
8331 1
8333 1
8345 1
8346 1
8348 1
8354 1
8363 1
8364 1
8366 1
8372 1
8379 1
8381 1
8388 1
8390 1
8402 1
8403 1
8405 1
8411 1
8420 1
8421 1
8423 1
8429 1
8436 1
8438 1
8445 1
8447 1
8455 1
8457 1
8463 1
8469 1
8471 1
8477 1
8535 1
8537 1
8544 1
8546 1
8552 1
8559 1
8561 1
8567 1
8574 1
8580 1
8587 1
8589 1
8595 1
10529 1
10531 1
10535 1
10530 1
10536 1
10537 1
10213 1
10215 1
10219 1
10214 1
10220 1
10221 1
6313 1
6315 1
6319 1
6314 1
6320 1
6321 1
8481 1
8482 1
8483 1
8484 1
8485 1
8486 1
8487 1
8488 1
8489 1
8499 1
8500 1
8501 1
8513 1
8530 1
14795 1
15486 1
8490 1
8491 1
8492 1
8493 1
8494 1
8495 1
8496 1
8497 1
8498 1
8514 1
8515 1
8516 1
8517 1
8531 1
4269 1
4270 1
14759 1
15503 1
4271 1
4272 1
10243 1
10245 1
10249 1
10244 1
10250 1
10251 1
8787 1
8789 1
8793 1
8788 1
8794 1
8795 1
9694 1
9696 1
9700 1
9695 1
9701 1
9702 1
8907 1
8909 1
8913 1
8908 1
8914 1
8915 1
6476 1
6478 1
6482 1
6477 1
6483 1
6484 1
9664 1
9666 1
9670 1
9665 1
9671 1
9672 1
10157 1
10159 1
10163 1
10158 1
10164 1
8049 1
8050 1
8051 1
8052 1
8057 1
8058 1
8065 1
8074 1
8086 1
8090 1
8091 1
8095 1
8099 1
8100 1
8200 1
8206 1
8207 1
8217 1
8223 1
8224 1
8550 1
8554 1
8556 1
8569 1
8573 1
8575 1
8579 1
8584 1
14784 1
15581 1
8053 1
8054 1
8055 1
8056 1
8066 1
8075 1
8087 1
8089 1
8096 1
8098 1
8203 1
8205 1
8220 1
8222 1
8558 1
8586 1
6343 1
6345 1
6349 1
6344 1
6350 1
6351 1
12257 1
12259 1
12263 1
12258 1
12264 1
12265 1
10515 1
10517 1
10521 1
10516 1
10522 1
6491 1
6493 1
6497 1
6492 1
6498 1
6499 1
8022 1
8023 1
8024 1
8025 1
8030 1
8031 1
8038 1
8047 1
8199 1
8216 1
14783 1
15618 1
8026 1
8027 1
8028 1
8029 1
8039 1
8048 1
8202 1
8219 1
9157 1
9159 1
9163 1
9861 1
9158 1
9164 1
9165 1
9864 1
10723 1
10725 1
10729 1
10724 1
10730 1
10731 1
5215 1
5216 1
5217 1
5222 1
5223 1
5230 1
5219 1
5220 1
5221 1
5231 1
10828 1
10830 1
10834 1
10829 1
10835 1
10836 1
9258 1
9260 1
9264 1
9259 1
9265 1
9266 1
11467 1
11469 1
11473 1
11468 1
11474 1
11475 1
10199 1
10201 1
10205 1
10200 1
10206 1
12654 1
12656 1
12660 1
12655 1
12661 1
12662 1
8130 1
8131 1
8132 1
8133 1
8138 1
8139 1
8146 1
8155 1
14787 1
15669 1
8134 1
8135 1
8136 1
8137 1
8147 1
8156 1
12463 1
12465 1
12469 1
12464 1
12470 1
12471 1
10872 1
10874 1
10878 1
10873 1
10879 1
10853 1
10856 1
10864 1
10867 1
10854 1
10857 1
10865 1
10868 1
8103 1
8104 1
8105 1
8106 1
8111 1
8112 1
8119 1
8128 1
8140 1
8144 1
8145 1
8149 1
8153 1
8154 1
8264 1
8270 1
8273 1
8279 1
8296 1
8298 1
8314 1
8316 1
8321 1
8327 1
8330 1
8336 1
8353 1
8355 1
8371 1
8373 1
8378 1
8384 1
8387 1
8393 1
8410 1
8412 1
8428 1
8430 1
8612 1
8633 1
8651 1
8655 1
8665 1
8668 1
8673 1
8676 1
8702 1
8723 1
8753 1
8774 1
14786 1
15701 1
8107 1
8108 1
8109 1
8110 1
8120 1
8129 1
8141 1
8143 1
8150 1
8152 1
8268 1
8277 1
8292 1
8310 1
8325 1
8334 1
8349 1
8367 1
8382 1
8391 1
8406 1
8424 1
8614 1
8635 1
8657 1
8678 1
8706 1
8727 1
8757 1
8778 1
8376 1
8431 1
14793 1
15704 1
8385 1
8432 1
5224 1
5227 1
5233 1
5236 1
5225 1
5228 1
5234 1
5237 1
6417 1
6419 1
6423 1
6418 1
6424 1
6425 1
10574 1
10576 1
10580 1
10575 1
10581 1
10582 1
10990 1
10992 1
10996 1
10991 1
10997 1
10998 1
11741 1
11743 1
11747 1
11748 1
11742 1
11749 1
11750 1
11751 1
4361 1
4362 1
4363 1
4364 1
4365 1
14442 1
15756 1
4366 1
4367 1
6268 1
6270 1
6274 1
6269 1
6275 1
6276 1
12238 1
12240 1
12244 1
12245 1
12239 1
12246 1
12247 1
12248 1
6253 1
6255 1
6259 1
6254 1
6260 1
6261 1
11020 1
11022 1
11026 1
11021 1
11027 1
11028 1
13101 1
13108 1
13118 1
13125 1
13102 1
13110 1
13119 1
13127 1
4177 1
4250 1
4252 1
4256 1
4258 1
4292 1
4298 1
4299 1
4312 1
4672 1
4673 1
4674 1
4675 1
4677 1
4678 1
4679 1
4681 1
4683 1
5229 1
5238 1
5943 1
5944 1
5945 1
5946 1
5948 1
5949 1
5950 1
5951 1
5953 1
5955 1
6238 1
6239 1
6240 1
6241 1
6243 1
6244 1
6245 1
6246 1
6248 1
6250 1
6256 1
6258 1
6263 1
6265 1
6271 1
6273 1
6278 1
6280 1
6286 1
6288 1
6293 1
6295 1
6298 1
6299 1
6300 1
6301 1
6303 1
6304 1
6305 1
6306 1
6308 1
6310 1
6316 1
6318 1
6323 1
6325 1
6331 1
6333 1
6338 1
6340 1
6346 1
6348 1
6353 1
6355 1
6376 1
6378 1
6383 1
6385 1
6420 1
6422 1
6427 1
6429 1
6461 1
6462 1
6463 1
6464 1
6466 1
6467 1
6468 1
6469 1
6471 1
6473 1
6479 1
6481 1
6486 1
6488 1
6494 1
6496 1
6501 1
6503 1
7892 1
7893 1
7894 1
7895 1
7897 1
7898 1
7899 1
7900 1
7902 1
7904 1
7907 1
7908 1
7909 1
7910 1
7912 1
7913 1
7914 1
7915 1
7917 1
7919 1
7922 1
7923 1
7924 1
7925 1
7927 1
7928 1
7929 1
7930 1
7932 1
7934 1
7947 1
7949 1
7950 1
7958 1
7960 1
7961 1
7966 1
7968 1
7970 1
7972 1
7974 1
7975 1
7976 1
7978 1
7979 1
7982 1
7983 1
7984 1
7985 1
7987 1
7989 1
7990 1
7995 1
7997 1
7999 1
8001 1
8003 1
8004 1
8005 1
8007 1
8008 1
8011 1
8012 1
8014 1
8016 1
8017 1
8032 1
8034 1
8035 1
8041 1
8043 1
8044 1
8059 1
8061 1
8062 1
8068 1
8070 1
8071 1
8088 1
8097 1
8113 1
8115 1
8116 1
8122 1
8124 1
8125 1
8142 1
8151 1
8167 1
8169 1
8170 1
8176 1
8178 1
8179 1
8198 1
8204 1
8215 1
8221 1
8227 1
8229 1
8231 1
8233 1
8235 1
8236 1
8237 1
8238 1
8239 1
8240 1
8243 1
8244 1
8247 1
8248 1
8249 1
8250 1
8252 1
8253 1
8256 1
8257 1
8262 1
8271 1
8290 1
8308 1
8319 1
8328 1
8347 1
8365 1
8404 1
8422 1
8433 1
8439 1
8442 1
8448 1
8456 1
8458 1
8470 1
8472 1
8502 1
8504 1
8505 1
8506 1
8519 1
8521 1
8522 1
8523 1
8532 1
8538 1
8541 1
8547 1
8560 1
8562 1
8588 1
8590 1
8615 1
8636 1
8642 1
8646 1
8658 1
8679 1
8703 1
8704 1
8709 1
8724 1
8725 1
8730 1
8754 1
8755 1
8760 1
8775 1
8776 1
8781 1
8790 1
8792 1
8797 1
8799 1
8817 1
8818 1
8819 1
8820 1
8822 1
8823 1
8824 1
8825 1
8827 1
8829 1
8835 1
8837 1
8842 1
8844 1
8862 1
8863 1
8864 1
8865 1
8867 1
8868 1
8869 1
8870 1
8872 1
8874 1
8910 1
8912 1
8917 1
8919 1
8925 1
8927 1
8932 1
8934 1
8937 1
8938 1
8939 1
8940 1
8942 1
8943 1
8944 1
8945 1
8947 1
8949 1
9160 1
9162 1
9167 1
9169 1
9172 1
9173 1
9174 1
9175 1
9177 1
9178 1
9179 1
9180 1
9182 1
9184 1
9190 1
9192 1
9197 1
9199 1
9202 1
9203 1
9204 1
9205 1
9207 1
9208 1
9209 1
9210 1
9212 1
9214 1
9247 1
9249 1
9253 1
9255 1
9261 1
9263 1
9268 1
9270 1
9322 1
9323 1
9324 1
9325 1
9327 1
9328 1
9329 1
9330 1
9332 1
9334 1
9383 1
9385 1
9390 1
9392 1
9395 1
9396 1
9397 1
9398 1
9400 1
9401 1
9402 1
9403 1
9405 1
9407 1
9413 1
9415 1
9420 1
9422 1
9518 1
9520 1
9525 1
9527 1
9667 1
9669 1
9674 1
9676 1
9679 1
9680 1
9681 1
9682 1
9684 1
9685 1
9686 1
9687 1
9689 1
9691 1
9697 1
9699 1
9704 1
9706 1
9712 1
9714 1
9719 1
9721 1
9739 1
9740 1
9741 1
9742 1
9744 1
9745 1
9746 1
9747 1
9749 1
9751 1
9757 1
9759 1
9764 1
9766 1
9848 1
9849 1
9860 1
10146 1
10148 1
10152 1
10154 1
10160 1
10162 1
10166 1
10168 1
10171 1
10172 1
10173 1
10174 1
10176 1
10177 1
10178 1
10180 1
10182 1
10188 1
10190 1
10194 1
10196 1
10202 1
10204 1
10208 1
10210 1
10216 1
10218 1
10223 1
10225 1
10246 1
10248 1
10253 1
10255 1
10459 1
10461 1
10465 1
10467 1
10518 1
10520 1
10524 1
10526 1
10532 1
10534 1
10539 1
10541 1
10562 1
10564 1
10569 1
10571 1
10577 1
10579 1
10584 1
10586 1
10726 1
10728 1
10733 1
10735 1
10831 1
10833 1
10838 1
10840 1
10858 1
10869 1
10875 1
10877 1
10881 1
10883 1
10889 1
10891 1
10896 1
10898 1
10916 1
10917 1
10918 1
10919 1
10921 1
10922 1
10923 1
10924 1
10926 1
10928 1
10993 1
10995 1
11000 1
11002 1
11005 1
11006 1
11007 1
11008 1
11010 1
11011 1
11012 1
11013 1
11015 1
11017 1
11023 1
11025 1
11030 1
11032 1
11082 1
11084 1
11089 1
11091 1
11358 1
11359 1
11360 1
11361 1
11363 1
11364 1
11365 1
11366 1
11367 1
11368 1
11370 1
11372 1
11452 1
11453 1
11454 1
11455 1
11457 1
11458 1
11459 1
11460 1
11462 1
11464 1
11470 1
11472 1
11477 1
11479 1
11514 1
11518 1
11526 1
11537 1
11732 1
11744 1
11746 1
11753 1
11755 1
11762 1
11792 1
11822 1
12063 1
12064 1
12065 1
12066 1
12068 1
12069 1
12070 1
12071 1
12073 1
12075 1
12093 1
12094 1
12095 1
12096 1
12098 1
12099 1
12100 1
12101 1
12103 1
12105 1
12141 1
12143 1
12148 1
12150 1
12168 1
12169 1
12170 1
12171 1
12173 1
12174 1
12175 1
12176 1
12178 1
12180 1
12241 1
12243 1
12250 1
12252 1
12260 1
12262 1
12267 1
12269 1
12466 1
12468 1
12473 1
12475 1
12550 1
12551 1
12552 1
12553 1
12555 1
12556 1
12557 1
12558 1
12560 1
12562 1
12580 1
12581 1
12582 1
12583 1
12585 1
12586 1
12587 1
12588 1
12590 1
12592 1
12657 1
12659 1
12664 1
12666 1
12831 1
12833 1
12838 1
12840 1
12920 1
12922 1
12927 1
12929 1
12993 1
12995 1
13000 1
13002 1
13109 1
13111 1
13126 1
13128 1
13291 1
13292 1
13293 1
13294 1
13296 1
13297 1
13298 1
13299 1
13301 1
13303 1
14381 1
14383 1
14385 1
14387 1
14388 1
14389 1
14390 1
14394 1
14395 1
14396 1
14397 1
14398 1
14399 1
14401 1
14405 1
14406 1
14413 1
15797 1
4180 1
4251 1
4257 1
4295 1
4301 1
4302 1
4315 1
4676 1
4682 1
5947 1
5954 1
6242 1
6249 1
6257 1
6264 1
6272 1
6279 1
6287 1
6294 1
6302 1
6309 1
6317 1
6324 1
6332 1
6339 1
6347 1
6354 1
6377 1
6384 1
6421 1
6428 1
6465 1
6472 1
6480 1
6487 1
6495 1
6502 1
7896 1
7903 1
7911 1
7918 1
7926 1
7933 1
7948 1
7951 1
7959 1
7962 1
7967 1
7971 1
7977 1
7980 1
7988 1
7991 1
7996 1
8000 1
8006 1
8009 1
8015 1
8018 1
8033 1
8036 1
8042 1
8045 1
8060 1
8063 1
8069 1
8072 1
8114 1
8117 1
8123 1
8126 1
8168 1
8171 1
8177 1
8180 1
8201 1
8218 1
8228 1
8232 1
8241 1
8242 1
8245 1
8254 1
8255 1
8258 1
8435 1
8444 1
8462 1
8476 1
8503 1
8507 1
8510 1
8520 1
8524 1
8527 1
8534 1
8543 1
8566 1
8594 1
8707 1
8708 1
8728 1
8729 1
8758 1
8759 1
8779 1
8780 1
8791 1
8798 1
8821 1
8828 1
8836 1
8843 1
8866 1
8873 1
8911 1
8918 1
8926 1
8933 1
8941 1
8948 1
9161 1
9168 1
9176 1
9183 1
9191 1
9198 1
9206 1
9213 1
9248 1
9254 1
9262 1
9269 1
9326 1
9333 1
9384 1
9391 1
9399 1
9406 1
9414 1
9421 1
9519 1
9526 1
9668 1
9675 1
9683 1
9690 1
9698 1
9705 1
9713 1
9720 1
9743 1
9750 1
9758 1
9765 1
9851 1
9852 1
9863 1
10147 1
10153 1
10161 1
10167 1
10175 1
10181 1
10189 1
10195 1
10203 1
10209 1
10217 1
10224 1
10247 1
10254 1
10460 1
10466 1
10519 1
10525 1
10533 1
10540 1
10563 1
10570 1
10578 1
10585 1
10727 1
10734 1
10832 1
10839 1
10876 1
10882 1
10890 1
10897 1
10920 1
10927 1
10994 1
11001 1
11009 1
11016 1
11024 1
11031 1
11083 1
11090 1
11362 1
11371 1
11456 1
11463 1
11471 1
11478 1
11736 1
11745 1
11754 1
11766 1
11796 1
11826 1
12067 1
12074 1
12097 1
12104 1
12142 1
12149 1
12172 1
12179 1
12242 1
12251 1
12261 1
12268 1
12467 1
12474 1
12554 1
12561 1
12584 1
12591 1
12658 1
12665 1
12832 1
12839 1
12921 1
12928 1
12994 1
13001 1
13105 1
13122 1
13295 1
13302 1
14382 1
14386 1
14391 1
14393 1
14402 1
14404 1
4261 1
4262 1
15218 1
15798 1
4263 1
4264 1
14380 1
14407 1
15217 1
15813 1
14384 1
14408 1
8374 1
14792 1
15818 1
8375 1
7935 1
7952 1
7963 1
7969 1
7973 1
7981 1
7992 1
7998 1
8002 1
8010 1
8019 1
8037 1
8046 1
8064 1
8073 1
8118 1
8127 1
8172 1
8181 1
8230 1
8234 1
8246 1
8259 1
8509 1
8512 1
8526 1
8529 1
8540 1
8549 1
8568 1
8596 1
14779 1
15820 1
7936 1
8511 1
8528 1
14392 1
14403 1
15216 1
15830 1
8020 1
8441 1
8450 1
8464 1
8478 1
14782 1
15881 1
8021 1
8260 1
14790 1
15909 1
8261 1
8317 1
14791 1
15932 1
8318 1
8479 1
8508 1
8525 1
14794 1
15961 1
8480 1
8597 1
14796 1
16014 1
8598 1
4297 1
7993 1
14781 1
16051 1
7994 1
8683 1
14798 1
16072 1
8684 1
7920 1
14778 1
16089 1
7921 1
4329 1
4344 1
4330 1
4331 1
4332 1
4333 1
4334 1
4335 1
4336 1
4337 1
4338 1
4339 1
4340 1
4341 1
4342 1
4343 1
4680 1
6247 1
6262 1
6277 1
6292 1
6307 1
6337 1
6352 1
6382 1
6470 1
6485 1
6500 1
7901 1
7916 1
7931 1
7957 1
7986 1
8013 1
8040 1
8067 1
8094 1
8121 1
8148 1
8175 1
8214 1
8251 1
8303 1
8360 1
8417 1
8467 1
8518 1
8583 1
8631 1
8674 1
8721 1
8772 1
8916 1
8931 1
9181 1
9196 1
9252 1
9267 1
9331 1
9404 1
9673 1
9688 1
9703 1
9748 1
10151 1
10165 1
10179 1
10193 1
10207 1
10222 1
10523 1
10568 1
10583 1
10837 1
10880 1
10895 1
10925 1
10999 1
11014 1
11088 1
11461 1
11476 1
12266 1
12837 1
12999 1
13300 1
14400 1
4345 1
4360 1
4346 1
4347 1
4348 1
4349 1
4350 1
4351 1
4352 1
4353 1
4354 1
4355 1
4356 1
4357 1
4358 1
4359 1
10899 2
14962 3
15254 4
10900 5
14677 6
15255 6
4762 7
4764 7
4768 7
4774 7
14494 7
15256 7
4763 7
4769 7
4775 7
13160 7
13162 7
13166 7
13172 7
15129 7
15268 7
13161 7
13167 7
13173 7
5530 7
5531 7
5532 7
5533 7
5538 7
5539 7
5546 7
5557 7
14559 7
15269 7
5534 7
5535 7
5536 7
5537 7
5547 7
5548 7
5549 7
5558 7
5329 7
5330 7
5331 7
5332 7
5337 7
5338 7
5345 7
5356 7
14538 7
15275 7
5333 7
5334 7
5335 7
5336 7
5346 7
5347 7
5348 7
5357 7
6663 7
6664 7
6665 7
6666 7
6671 7
6672 7
6679 7
6690 7
14679 7
15283 7
6667 7
6668 7
6669 7
6670 7
6680 7
6681 7
6682 7
6691 7
11125 7
11127 7
11129 7
11131 7
11133 7
11135 7
11137 7
11142 7
11143 7
11145 7
11146 7
11147 7
11150 7
11151 7
11154 7
11155 7
11158 7
11163 7
11164 7
14994 7
15286 7
11126 7
11130 7
11134 7
11139 7
11141 7
11149 7
11153 7
11160 7
11162 7
6386 7
6388 7
6390 7
6392 7
6394 7
6396 7
6397 7
6398 7
6400 7
6401 7
6404 7
6405 7
6406 7
6407 7
6409 7
6411 7
6412 7
14656 7
15306 7
6387 7
6389 7
6393 7
6399 7
6402 7
6410 7
6413 7
13413 7
13415 7
13419 7
13425 7
15155 7
15318 7
13414 7
13420 7
13426 7
13174 7
13176 7
13180 7
13187 7
13189 7
13190 7
13191 7
13192 7
13194 7
13195 7
13196 7
13197 7
13199 7
13201 7
13219 7
13220 7
13221 7
13222 7
13224 7
13225 7
13226 7
13227 7
13229 7
13231 7
15133 7
15322 7
13175 7
13181 7
13182 7
13188 7
13193 7
13200 7
13223 7
13230 7
6003 7
6005 7
6007 7
6009 7
6011 7
6012 7
6013 7
6015 7
6016 7
6019 7
6020 7
6021 7
6022 7
6024 7
6026 7
6027 7
14629 7
15331 7
6004 7
6008 7
6014 7
6017 7
6025 7
6028 7
4776 7
4778 7
4780 7
4782 7
4784 7
4785 7
4786 7
4788 7
4789 7
4792 7
4793 7
4794 7
4795 7
4797 7
4799 7
4800 7
14496 7
15339 7
4777 7
4781 7
4787 7
4790 7
4798 7
4801 7
13348 7
13349 7
13350 7
13351 7
13352 7
13353 7
13354 7
13355 7
13356 7
13366 7
13367 7
13368 7
13380 7
13397 7
15153 7
15341 7
13357 7
13358 7
13359 7
13360 7
13361 7
13362 7
13363 7
13364 7
13365 7
13381 7
13382 7
13383 7
13384 7
13398 7
12902 7
12904 7
12908 7
12915 7
15098 7
15343 7
12903 7
12909 7
12910 7
12916 7
6619 7
6620 7
6621 7
6622 7
6627 7
6628 7
6635 7
6646 7
14672 7
15345 7
6623 7
6624 7
6625 7
6626 7
6636 7
6637 7
6638 7
6647 7
5446 7
5448 7
5452 7
5459 7
14550 7
15348 7
5447 7
5453 7
5454 7
5460 7
12019 7
12020 7
12021 7
12022 7
12024 7
12025 7
12026 7
12027 7
12029 7
12031 7
12034 7
12036 7
12038 7
12040 7
12042 7
12043 7
12044 7
12046 7
12047 7
12050 7
12051 7
12052 7
12053 7
12055 7
12057 7
12058 7
15046 7
15350 7
12023 7
12030 7
12035 7
12039 7
12045 7
12048 7
12056 7
12059 7
12843 7
12845 7
12849 7
12856 7
15095 7
15351 7
12844 7
12850 7
12851 7
12857 7
6673 7
6675 7
6676 7
6684 7
6686 7
6687 7
6692 7
6693 7
6694 7
6695 7
6697 7
6698 7
6699 7
6700 7
6702 7
6704 7
14678 7
15352 7
6674 7
6677 7
6685 7
6688 7
6696 7
6703 7
4259 7
5128 7
5130 7
5132 7
5134 7
5135 7
5136 7
5137 7
5141 7
5142 7
5143 7
5144 7
5146 7
5150 7
5151 7
7242 7
7244 7
7246 7
7248 7
7249 7
7250 7
7251 7
7255 7
7256 7
7257 7
7258 7
7260 7
7264 7
7265 7
13334 7
13335 7
13336 7
13337 7
13339 7
13340 7
13341 7
13343 7
13345 7
13369 7
13371 7
13372 7
13373 7
13386 7
13388 7
13389 7
13390 7
13399 7
13400 7
13401 7
13402 7
13404 7
13405 7
13406 7
13408 7
13410 7
13416 7
13418 7
13422 7
13424 7
13427 7
13428 7
13429 7
13430 7
13432 7
13433 7
13434 7
13436 7
13438 7
13441 7
13442 7
13443 7
13444 7
13446 7
13447 7
13448 7
13450 7
13452 7
13455 7
13456 7
13457 7
13458 7
13460 7
13461 7
13462 7
13464 7
13466 7
13469 7
13470 7
13471 7
13472 7
13474 7
13475 7
13476 7
13478 7
13480 7
13483 7
13486 7
13489 7
13492 7
13495 7
13498 7
13501 7
13502 7
13503 7
13504 7
13506 7
13507 7
13508 7
13515 7
13516 7
13517 7
13518 7
13519 7
13521 7
13523 7
13524 7
13525 7
13534 7
13535 7
13536 7
13537 7
13539 7
13540 7
13541 7
13543 7
13545 7
13548 7
13549 7
13550 7
13551 7
13553 7
13554 7
13555 7
13557 7
13559 7
13562 7
13563 7
13564 7
13565 7
13567 7
13568 7
13569 7
13571 7
13573 7
13576 7
13578 7
13580 7
13582 7
13584 7
13585 7
13586 7
13588 7
13589 7
13592 7
13593 7
13595 7
13597 7
13598 7
13603 7
13604 7
13605 7
13606 7
13608 7
13609 7
13610 7
13612 7
13614 7
13617 7
13618 7
13619 7
13620 7
13622 7
13623 7
13624 7
13626 7
13628 7
14440 7
15355 7
4260 7
5129 7
5133 7
5138 7
5140 7
5147 7
5149 7
7243 7
7247 7
7252 7
7254 7
7261 7
7263 7
13338 7
13344 7
13370 7
13374 7
13377 7
13387 7
13391 7
13394 7
13403 7
13409 7
13417 7
13423 7
13431 7
13437 7
13445 7
13451 7
13459 7
13465 7
13473 7
13479 7
13484 7
13485 7
13493 7
13494 7
13505 7
13509 7
13512 7
13522 7
13526 7
13529 7
13538 7
13544 7
13552 7
13558 7
13566 7
13572 7
13577 7
13581 7
13587 7
13590 7
13596 7
13599 7
13607 7
13613 7
13621 7
13627 7
12037 7
12061 7
15048 7
15359 7
12041 7
12062 7
4779 7
4783 7
4791 7
4802 7
5040 7
5042 7
5044 7
5046 7
5047 7
5048 7
5049 7
5053 7
5054 7
5055 7
5056 7
5057 7
5058 7
5060 7
5064 7
5065 7
5339 7
5343 7
5344 7
5350 7
5354 7
5355 7
5359 7
5361 7
5363 7
5365 7
5366 7
5367 7
5368 7
5372 7
5373 7
5374 7
5375 7
5376 7
5377 7
5379 7
5383 7
5384 7
5540 7
5544 7
5545 7
5551 7
5555 7
5556 7
5560 7
5562 7
5564 7
5566 7
5567 7
5568 7
5569 7
5573 7
5574 7
5575 7
5576 7
5577 7
5578 7
5580 7
5584 7
5585 7
5619 7
5621 7
5623 7
5625 7
5626 7
5627 7
5628 7
5632 7
5633 7
5634 7
5635 7
5636 7
5637 7
5639 7
5643 7
5644 7
5738 7
5740 7
5742 7
5744 7
5745 7
5746 7
5747 7
5751 7
5752 7
5753 7
5754 7
5755 7
5756 7
5758 7
5762 7
5763 7
5782 7
5784 7
5786 7
5788 7
5789 7
5790 7
5791 7
5795 7
5796 7
5797 7
5798 7
5799 7
5800 7
5802 7
5806 7
5807 7
5811 7
5813 7
5815 7
5817 7
5818 7
5819 7
5820 7
5824 7
5825 7
5826 7
5827 7
5828 7
5829 7
5831 7
5835 7
5836 7
5855 7
5857 7
5859 7
5861 7
5862 7
5863 7
5864 7
5868 7
5869 7
5870 7
5871 7
5872 7
5873 7
5875 7
5879 7
5880 7
6006 7
6010 7
6018 7
6029 7
6391 7
6395 7
6403 7
6414 7
6561 7
6563 7
6565 7
6567 7
6568 7
6569 7
6570 7
6574 7
6575 7
6576 7
6577 7
6578 7
6579 7
6581 7
6585 7
6586 7
6629 7
6633 7
6634 7
6640 7
6644 7
6645 7
6678 7
6689 7
7638 7
7640 7
7642 7
7644 7
7645 7
7646 7
7647 7
7651 7
7652 7
7653 7
7654 7
7655 7
7656 7
7658 7
7662 7
7663 7
7730 7
7732 7
7734 7
7736 7
7737 7
7738 7
7739 7
7743 7
7744 7
7745 7
7746 7
7747 7
7748 7
7750 7
7754 7
7755 7
9279 7
9280 7
9281 7
9282 7
9284 7
9288 7
9289 7
9338 7
9340 7
9342 7
9344 7
9345 7
9346 7
9347 7
9351 7
9352 7
9353 7
9354 7
9355 7
9356 7
9358 7
9362 7
9363 7
11124 7
11128 7
11132 7
11136 7
11140 7
11144 7
11148 7
11152 7
11157 7
11161 7
12049 7
12060 7
12874 7
12876 7
12878 7
12880 7
12881 7
12882 7
12883 7
12887 7
12888 7
12889 7
12890 7
12891 7
12892 7
12894 7
12898 7
12899 7
13378 7
13379 7
13395 7
13396 7
13488 7
13491 7
13497 7
13500 7
13513 7
13514 7
13530 7
13531 7
14431 7
15364 7
5041 7
5045 7
5050 7
5052 7
5061 7
5063 7
5340 7
5342 7
5351 7
5353 7
5360 7
5364 7
5369 7
5371 7
5380 7
5382 7
5541 7
5543 7
5552 7
5554 7
5561 7
5565 7
5570 7
5572 7
5581 7
5583 7
5620 7
5624 7
5629 7
5631 7
5640 7
5642 7
5739 7
5743 7
5748 7
5750 7
5759 7
5761 7
5783 7
5787 7
5792 7
5794 7
5803 7
5805 7
5812 7
5816 7
5821 7
5823 7
5832 7
5834 7
5856 7
5860 7
5865 7
5867 7
5876 7
5878 7
6562 7
6566 7
6571 7
6573 7
6582 7
6584 7
6630 7
6632 7
6641 7
6643 7
7639 7
7643 7
7648 7
7650 7
7659 7
7661 7
7731 7
7735 7
7740 7
7742 7
7751 7
7753 7
9285 7
9287 7
9339 7
9343 7
9348 7
9350 7
9359 7
9361 7
11138 7
11159 7
12875 7
12879 7
12884 7
12886 7
12895 7
12897 7
13376 7
13393 7
13490 7
13499 7
13511 7
13528 7
7758 7
7760 7
7764 7
7771 7
14755 7
15384 7
7759 7
7765 7
7766 7
7772 7
7637 7
7641 7
7649 7
7660 7
7666 7
7667 7
7668 7
7670 7
7674 7
7675 7
7677 7
7680 7
7684 7
7687 7
7688 7
7689 7
7691 7
7695 7
7696 7
7698 7
7701 7
7705 7
7708 7
7709 7
7710 7
7712 7
7716 7
7717 7
7719 7
7722 7
7726 7
14750 7
15385 7
7669 7
7672 7
7682 7
7690 7
7693 7
7703 7
7711 7
7714 7
7724 7
12858 7
12860 7
12864 7
12871 7
15096 7
15391 7
12859 7
12865 7
12866 7
12872 7
5472 7
5474 7
5478 7
5485 7
14555 7
15393 7
5473 7
5479 7
5480 7
5486 7
12272 7
12274 7
12278 7
12285 7
15065 7
15408 7
12273 7
12279 7
12280 7
12286 7
13439 7
15156 7
15415 7
13440 7
6415 7
14657 7
15425 7
6416 7
6062 7
6064 7
6065 7
6071 7
6072 7
6073 7
6074 7
6087 7
14640 7
15428 7
6063 7
6075 7
6076 7
6077 7
6078 7
6079 7
6080 7
6088 7
5449 7
5451 7
5456 7
5458 7
6132 7
6133 7
6134 7
6137 7
6143 7
6144 7
6145 7
6146 7
6147 7
6150 7
6153 7
6156 7
6157 7
6158 7
6166 7
6172 7
14549 7
15433 7
5450 7
5457 7
6135 7
6136 7
6140 7
6154 7
6155 7
6159 7
6162 7
6169 7
7718 7
7727 7
15236 7
15436 7
7720 7
7728 7
5707 7
5709 7
5713 7
5720 7
14581 7
15438 7
5708 7
5714 7
5715 7
5721 7
13264 7
13266 7
13267 7
13273 7
13274 7
13275 7
13276 7
13289 7
15139 7
15444 7
13265 7
13277 7
13278 7
13279 7
13280 7
13281 7
13282 7
13290 7
13080 7
13081 7
13083 7
13084 7
13129 7
13163 7
13165 7
13169 7
13171 7
15127 7
15449 7
13089 7
13090 7
13092 7
13093 7
13130 7
13164 7
13170 7
13574 7
13579 7
13583 7
13591 7
13600 7
15163 7
15454 7
13575 7
5039 7
5066 7
5069 7
5071 7
5073 7
5075 7
5076 7
5077 7
5078 7
5082 7
5083 7
5084 7
5085 7
5086 7
5087 7
5089 7
5093 7
5094 7
14509 7
15459 7
5043 7
5067 7
5070 7
5074 7
5079 7
5081 7
5090 7
5092 7
4835 7
4837 7
4839 7
4841 7
4842 7
4847 7
4852 7
4864 7
4865 7
4866 7
4867 7
4868 7
4869 7
4870 7
4871 7
4876 7
4881 7
4886 7
4891 7
4892 7
4901 7
4902 7
4903 7
4904 7
4905 7
4927 7
4939 7
4940 7
14483 7
15460 7
4836 7
4840 7
4848 7
4849 7
4850 7
4851 7
4857 7
4863 7
4894 7
4896 7
4898 7
4900 7
4906 7
4911 7
4916 7
4921 7
4932 7
4938 7
5781 7
5785 7
5793 7
5804 7
14586 7
15478 7
5810 7
5814 7
5822 7
5833 7
6067 7
6070 7
6083 7
6086 7
14590 7
15487 7
6069 7
6085 7
13560 7
15162 7
15489 7
13561 7
4819 7
4820 7
4821 7
4822 7
4824 7
4825 7
4826 7
4827 7
4829 7
4831 7
4834 7
4838 7
4843 7
4844 7
4845 7
4846 7
4853 7
4854 7
4855 7
4856 7
4862 7
4872 7
4873 7
4874 7
4875 7
4877 7
4878 7
4879 7
4880 7
4882 7
4883 7
4884 7
4885 7
4887 7
4888 7
4889 7
4890 7
4893 7
4895 7
4897 7
4899 7
4907 7
4908 7
4909 7
4910 7
4912 7
4913 7
4914 7
4915 7
4917 7
4918 7
4919 7
4920 7
4922 7
4923 7
4924 7
4925 7
4928 7
4929 7
4930 7
4931 7
4937 7
4943 7
4944 7
4945 7
4946 7
4948 7
4949 7
4950 7
4951 7
4953 7
4955 7
4958 7
4959 7
4960 7
4962 7
4966 7
4967 7
4968 7
4969 7
4971 7
4973 7
4974 7
4978 7
4982 7
4985 7
4986 7
4987 7
4989 7
4993 7
4994 7
4995 7
4996 7
4998 7
5000 7
5001 7
5005 7
5009 7
5012 7
5013 7
5014 7
5016 7
5020 7
5021 7
5022 7
5023 7
5025 7
5027 7
5028 7
5032 7
5036 7
5051 7
5062 7
5068 7
5072 7
5080 7
5091 7
5097 7
5098 7
5099 7
5100 7
5102 7
5103 7
5104 7
5105 7
5107 7
5109 7
5112 7
5113 7
5114 7
5115 7
5117 7
5118 7
5119 7
5120 7
5122 7
5124 7
5127 7
5131 7
5139 7
5148 7
14502 7
15498 7
4823 7
4830 7
4858 7
4859 7
4860 7
4861 7
4933 7
4934 7
4935 7
4936 7
4947 7
4954 7
4961 7
4964 7
4972 7
4975 7
4980 7
4988 7
4991 7
4999 7
5002 7
5007 7
5015 7
5018 7
5026 7
5029 7
5034 7
5101 7
5108 7
5116 7
5123 7
5152 7
14513 7
15500 7
5153 7
13629 7
15166 7
15504 7
13630 7
6089 7
6091 7
6092 7
6093 7
6101 7
6102 7
6103 7
6104 7
6105 7
6106 7
6107 7
6108 7
6109 7
6130 7
14641 7
15524 7
6090 7
6110 7
6111 7
6112 7
6113 7
6114 7
6115 7
6116 7
6117 7
6118 7
6119 7
6120 7
6121 7
6131 7
13234 7
13236 7
13240 7
13247 7
15137 7
15531 7
13235 7
13241 7
13242 7
13248 7
12846 7
12848 7
12853 7
12855 7
12861 7
12863 7
12868 7
12870 7
12873 7
12877 7
12885 7
12896 7
12905 7
12907 7
12912 7
12914 7
15094 7
15550 7
12847 7
12854 7
12862 7
12869 7
12906 7
12913 7
7266 7
14718 7
15552 7
7267 7
5358 7
5362 7
5370 7
5381 7
6066 7
6082 7
14542 7
15555 7
6068 7
6084 7
7729 7
7756 7
14754 7
15565 7
7733 7
7757 7
14993 7
15568 7
13453 7
15157 7
15569 7
13454 7
13131 7
13132 7
13133 7
13134 7
13139 7
13140 7
13147 7
13158 7
15128 7
15576 7
13135 7
13136 7
13137 7
13138 7
13148 7
13149 7
13150 7
13159 7
9273 7
9275 7
9290 7
14830 7
15595 7
9274 7
9291 7
5125 7
14512 7
15601 7
5126 7
5647 7
5649 7
5653 7
5660 7
14577 7
15606 7
5648 7
5654 7
5655 7
5661 7
5341 7
5352 7
14537 7
15619 7
6604 7
6605 7
6606 7
6607 7
6609 7
6610 7
6611 7
6612 7
6614 7
6616 7
6631 7
6642 7
14670 7
15621 7
6608 7
6615 7
4690 7
4691 7
4765 7
4767 7
4771 7
4773 7
14493 7
15637 7
4692 7
4693 7
4766 7
4772 7
12900 7
15097 7
15647 7
12901 7
5837 7
14591 7
15652 7
5838 7
9276 7
9278 7
9286 7
14829 7
15654 7
9277 7
5618 7
5622 7
5630 7
5641 7
14571 7
15655 7
5559 7
5586 7
14561 7
15667 7
5563 7
5587 7
6148 7
6149 7
6151 7
6152 7
6173 7
14642 7
15670 7
6160 7
6161 7
6163 7
6164 7
6174 7
6560 7
6564 7
6572 7
6583 7
6589 7
6590 7
6591 7
6592 7
6594 7
6595 7
6596 7
6597 7
6599 7
6601 7
14667 7
15672 7
6593 7
6600 7
5677 7
5679 7
5683 7
5690 7
14579 7
15683 7
5678 7
5684 7
5685 7
5691 7
13232 7
15136 7
15695 7
13233 7
13467 7
15158 7
15696 7
13468 7
5475 7
5477 7
5482 7
5484 7
6138 7
6167 7
14554 7
15697 7
5476 7
5483 7
6141 7
6170 7
9337 7
9364 7
14835 7
15700 7
9341 7
9365 7
9366 7
9368 7
9372 7
9378 7
14836 7
15703 7
9367 7
9373 7
9379 7
5737 7
5764 7
5766 7
5767 7
5768 7
5769 7
5771 7
5772 7
5773 7
5774 7
5776 7
5778 7
14583 7
15710 7
5741 7
5765 7
5770 7
5777 7
13346 7
13375 7
13392 7
15152 7
15737 7
13347 7
7671 7
7676 7
7678 7
7681 7
7692 7
7697 7
7699 7
7702 7
7713 7
7723 7
7741 7
7752 7
7761 7
7763 7
7768 7
7770 7
14753 7
15746 7
7673 7
7683 7
7694 7
7704 7
7715 7
7725 7
7762 7
7769 7
13481 7
13487 7
13496 7
13510 7
13527 7
15159 7
15749 7
13482 7
13411 7
15154 7
15766 7
13412 7
6705 7
14680 7
15768 7
6706 7
5650 7
5652 7
5657 7
5659 7
5662 7
5663 7
5664 7
5665 7
5667 7
5668 7
5669 7
5670 7
5672 7
5674 7
5680 7
5682 7
5687 7
5689 7
5692 7
5693 7
5694 7
5695 7
5697 7
5698 7
5699 7
5700 7
5702 7
5704 7
5710 7
5712 7
5717 7
5719 7
5722 7
5723 7
5724 7
5725 7
5727 7
5728 7
5729 7
5730 7
5732 7
5734 7
5749 7
5760 7
6094 7
6100 7
6123 7
6129 7
6139 7
6168 7
14576 7
15769 7
5651 7
5658 7
5666 7
5673 7
5681 7
5688 7
5696 7
5703 7
5711 7
5718 7
5726 7
5733 7
6097 7
6126 7
6142 7
6171 7
4832 7
14503 7
15773 7
4833 7
5645 7
14572 7
15781 7
5646 7
4970 7
4983 7
14506 7
15784 7
4976 7
4984 7
6617 7
14671 7
15786 7
6618 7
4694 7
4695 7
4696 7
4697 7
4698 7
4699 7
4700 7
4701 7
14482 7
15792 7
13106 7
13107 7
13123 7
13124 7
13141 7
13145 7
13146 7
13152 7
13156 7
13157 7
14409 7
15796 7
13104 7
13121 7
13142 7
13144 7
13153 7
13155 7
14480 7
15803 7
4514 7
4515 7
4518 7
4521 7
4525 7
4528 7
4531 7
4532 7
4533 7
4534 7
4537 7
4544 7
4545 7
4546 7
4550 7
4554 7
15112 7
15808 7
4516 7
4517 7
4524 7
4535 7
4536 7
4540 7
4543 7
4553 7
5385 7
14543 7
15815 7
5386 7
4519 7
4526 7
4527 7
4529 7
4538 7
4539 7
4548 7
6095 7
6124 7
14850 7
15827 7
4522 7
4541 7
4551 7
6098 7
6127 7
5095 7
14510 7
15844 7
5096 7
5542 7
5553 7
14558 7
15858 7
4803 7
14497 7
15859 7
4804 7
5675 7
14578 7
15871 7
5676 7
5808 7
14587 7
15877 7
5809 7
6030 7
14630 7
15882 7
6031 7
5854 7
5881 7
14603 7
15888 7
5858 7
5882 7
13065 7
13067 7
13071 7
13078 7
15126 7
15892 7
13066 7
13072 7
13073 7
13079 7
4520 7
4530 7
4542 7
4549 7
13177 7
13179 7
13184 7
13186 7
13237 7
13239 7
13244 7
13246 7
13249 7
13250 7
13251 7
13252 7
13254 7
13255 7
13256 7
13257 7
13259 7
13261 7
13269 7
13272 7
13285 7
13288 7
15132 7
15899 7
4523 7
4552 7
13178 7
13185 7
13238 7
13245 7
13253 7
13260 7
13271 7
13287 7
4956 7
14505 7
15908 7
4957 7
7664 7
14751 7
15924 7
7665 7
12287 7
12289 7
12293 7
12300 7
15066 7
15934 7
12288 7
12294 7
12295 7
12301 7
6096 7
6125 7
12275 7
12277 7
12282 7
12284 7
12290 7
12292 7
12297 7
12299 7
15064 7
15936 7
6099 7
6128 7
12276 7
12283 7
12291 7
12298 7
14479 7
15944 7
13546 7
15161 7
15948 7
13547 7
5110 7
14511 7
15952 7
5111 7
5024 7
5037 7
14508 7
15953 7
5030 7
5038 7
6587 7
14668 7
15964 7
6588 7
13204 7
13206 7
13210 7
13217 7
15135 7
15968 7
13205 7
13211 7
13212 7
13218 7
13615 7
15165 7
15969 7
13616 7
7685 7
14752 7
15970 7
7686 7
13202 7
13207 7
13209 7
13214 7
13216 7
15134 7
15972 7
13203 7
13208 7
13215 7
9335 7
9349 7
9360 7
9369 7
9371 7
9375 7
9377 7
14834 7
15977 7
9336 7
9370 7
9376 7
13532 7
15160 7
15981 7
13533 7
14481 7
15987 7
4555 7
14466 7
15988 7
4556 7
5571 7
5582 7
14560 7
15995 7
4686 7
4687 7
4963 7
4979 7
4990 7
4997 7
5003 7
5006 7
5017 7
5033 7
14492 7
16003 7
4688 7
4689 7
4965 7
4981 7
4992 7
5008 7
5019 7
5035 7
13601 7
15164 7
16017 7
13602 7
5735 7
14582 7
16018 7
5736 7
13262 7
15138 7
16022 7
13263 7
4941 7
14504 7
16029 7
4942 7
5866 7
5877 7
14602 7
16032 7
5010 7
14507 7
16035 7
5011 7
12032 7
15047 7
16038 7
12033 7
11165 7
14995 7
16056 7
11166 7
6602 7
14669 7
16062 7
6603 7
5705 7
14580 7
16073 7
5706 7
13068 7
13070 7
13075 7
13077 7
13103 7
13120 7
13143 7
13154 7
13268 7
13284 7
15125 7
16074 7
13069 7
13076 7
13270 7
13286 7
7706 7
15235 7
16086 7
7707 7
5779 7
14584 7
16091 7
5780 7
4255 7
4547 7
4770 7
4796 7
4828 7
4926 7
4952 7
4977 7
5004 7
5031 7
5059 7
5088 7
5106 7
5121 7
5145 7
5349 7
5378 7
5455 7
5481 7
5550 7
5579 7
5638 7
5656 7
5671 7
5686 7
5701 7
5716 7
5731 7
5757 7
5775 7
5801 7
5830 7
5874 7
6023 7
6081 7
6122 7
6165 7
6408 7
6580 7
6598 7
6613 7
6639 7
6683 7
6701 7
7259 7
7657 7
7679 7
7700 7
7721 7
7749 7
7767 7
9283 7
9357 7
9374 7
11156 7
12028 7
12054 7
12281 7
12296 7
12852 7
12867 7
12893 7
12911 7
13074 7
13117 7
13151 7
13168 7
13183 7
13198 7
13213 7
13228 7
13243 7
13258 7
13283 7
13342 7
13385 7
13407 7
13421 7
13435 7
13449 7
13463 7
13477 7
13520 7
13542 7
13556 7
13570 7
13594 7
13611 7
13625 7
14970 8
15257 8
15113 9
15258 9
4629 10
4631 10
4635 10
4641 10
14471 10
15259 10
4630 10
4636 10
4642 10
4471 10
4473 10
4477 10
4484 10
14449 10
15277 10
4472 10
4478 10
4479 10
4485 10
13981 10
13983 10
13987 10
13994 10
15191 10
15319 10
13982 10
13988 10
13989 10
13995 10
14011 10
14013 10
14017 10
14024 10
15193 10
15324 10
14012 10
14018 10
14019 10
14025 10
14089 10
14091 10
14095 10
15199 10
15342 10
14090 10
14096 10
13825 10
13826 10
15197 10
15366 10
13827 10
13828 10
14026 10
14028 10
14032 10
14039 10
15194 10
15368 10
14027 10
14033 10
14034 10
14040 10
13847 10
13849 10
13853 10
13860 10
15183 10
15375 10
13848 10
13854 10
13855 10
13861 10
13892 10
13893 10
13894 10
13895 10
13900 10
13901 10
13908 10
13919 10
15186 10
15376 10
13896 10
13897 10
13898 10
13899 10
13909 10
13910 10
13911 10
13920 10
4658 10
4660 10
4664 10
4670 10
14473 10
15399 10
4659 10
4665 10
4671 10
13721 10
13723 10
13727 10
13734 10
15173 10
15414 10
13722 10
13728 10
13729 10
13735 10
4394 10
4396 10
4400 10
4406 10
4411 10
4412 10
4413 10
4420 10
4421 10
4422 10
4427 10
4430 10
4432 10
4435 10
4438 10
4444 10
4446 10
4449 10
4452 10
14445 10
15416 10
4395 10
4401 10
4407 10
4409 10
4415 10
4418 10
4424 10
4426 10
4428 10
4429 10
4434 10
4436 10
4440 10
4441 10
4443 10
4448 10
4450 10
13676 10
13678 10
13682 10
13689 10
15170 10
15420 10
13677 10
13683 10
13684 10
13690 10
13631 10
13632 10
13633 10
13635 10
13636 10
13638 10
13639 10
13642 10
13643 10
14073 10
14074 10
14077 10
14078 10
14080 10
14082 10
14084 10
14086 10
14099 10
14100 10
14103 10
14104 10
14106 10
14108 10
14110 10
14112 10
14446 10
15427 10
13634 10
13637 10
13641 10
14072 10
14076 10
14079 10
14081 10
14085 10
14098 10
14102 10
14105 10
14107 10
14111 10
4643 10
4645 10
4649 10
4656 10
14472 10
15435 10
4644 10
4650 10
4651 10
4657 10
13751 10
13753 10
13757 10
13764 10
15175 10
15440 10
13752 10
13758 10
13759 10
13765 10
5487 10
5489 10
5490 10
5491 10
5499 10
5500 10
5501 10
5502 10
5503 10
5504 10
5505 10
5506 10
5507 10
5528 10
14557 10
15469 10
5488 10
5508 10
5509 10
5510 10
5511 10
5512 10
5513 10
5514 10
5515 10
5516 10
5517 10
5518 10
5519 10
5529 10
13646 10
13648 10
13652 10
13659 10
15168 10
15477 10
13647 10
13653 10
13654 10
13660 10
3982 10
3983 10
3984 10
3985 10
3987 10
3988 10
3989 10
3991 10
3993 10
4500 10
4501 10
4502 10
4505 10
4511 10
14420 10
15485 10
3986 10
3992 10
4503 10
4504 10
4508 10
4557 10
4558 10
4559 10
4560 10
4562 10
4563 10
4564 10
4566 10
4568 10
4571 10
4572 10
4573 10
4574 10
4576 10
4577 10
4578 10
4580 10
4582 10
4585 10
4586 10
4587 10
4588 10
4590 10
4591 10
4592 10
4594 10
4596 10
4599 10
4600 10
4601 10
4602 10
4604 10
4605 10
4606 10
4607 10
4609 10
4611 10
4614 10
4615 10
4616 10
4617 10
4619 10
4620 10
4621 10
4622 10
4624 10
4626 10
4646 10
4648 10
4653 10
4655 10
4661 10
4663 10
4667 10
4669 10
14467 10
15496 10
4561 10
4567 10
4575 10
4581 10
4589 10
4595 10
4603 10
4610 10
4618 10
4625 10
4647 10
4654 10
4662 10
4668 10
14041 10
14043 10
14047 10
14054 10
15195 10
15506 10
14042 10
14048 10
14049 10
14055 10
4627 10
4632 10
4634 10
4638 10
4640 10
14470 10
15511 10
4628 10
4633 10
4639 10
13766 10
13768 10
13772 10
13778 10
15176 10
15519 10
13767 10
13773 10
13779 10
5256 10
5257 10
5258 10
5261 10
5267 10
5268 10
5269 10
5270 10
5271 10
5274 10
5277 10
5280 10
5281 10
5282 10
5290 10
5296 10
14527 10
15521 10
5259 10
5260 10
5264 10
5278 10
5279 10
5283 10
5286 10
5293 10
5493 10
5498 10
5522 10
5527 10
13706 10
13708 10
13712 10
13719 10
15172 10
15536 10
5496 10
5525 10
13707 10
13713 10
13714 10
13720 10
14227 10
14228 10
14229 10
14230 10
14235 10
14236 10
14237 10
14238 10
14247 10
14248 10
14260 10
15208 10
15544 10
14231 10
14232 10
14233 10
14234 10
14249 10
14250 10
14261 10
13877 10
13879 10
13883 10
13890 10
13902 10
13904 10
13905 10
13913 10
13915 10
13916 10
13921 10
13922 10
13923 10
13924 10
13926 10
13927 10
13928 10
13929 10
13931 10
13933 10
15185 10
15560 10
13878 10
13884 10
13885 10
13891 10
13903 10
13906 10
13914 10
13917 10
13925 10
13932 10
5263 10
5273 10
5275 10
5276 10
5287 10
5288 10
5292 10
5494 10
5523 10
13829 10
13830 10
13831 10
13832 10
13833 10
13834 10
13835 10
13837 10
13838 10
13839 10
13840 10
13842 10
13844 10
13862 10
13863 10
13864 10
13865 10
13867 10
13868 10
13869 10
13870 10
13872 10
13874 10
13880 10
13882 10
13887 10
13889 10
13936 10
13937 10
13938 10
13939 10
13941 10
13942 10
13943 10
13944 10
13946 10
13948 10
13951 10
13952 10
13953 10
13954 10
13956 10
13957 10
13958 10
13959 10
13961 10
13963 10
13966 10
13967 10
13968 10
13969 10
13971 10
13972 10
13973 10
13974 10
13976 10
13978 10
13984 10
13986 10
13991 10
13993 10
13996 10
13997 10
13998 10
13999 10
14001 10
14002 10
14003 10
14004 10
14006 10
14008 10
14029 10
14031 10
14036 10
14038 10
14044 10
14046 10
14051 10
14053 10
14056 10
14057 10
14058 10
14059 10
14061 10
14062 10
14063 10
14064 10
14066 10
14068 10
14092 10
14094 10
14115 10
14116 10
14117 10
14118 10
14120 10
14123 10
14124 10
14126 10
14128 10
14131 10
14133 10
14134 10
14135 10
14137 10
14140 10
14141 10
14144 10
14147 10
14165 10
14166 10
14167 10
14169 10
14173 10
14174 10
14175 10
14176 10
14178 10
14180 10
14181 10
14185 10
14189 10
14192 10
14194 10
14196 10
14198 10
14200 10
14202 10
14204 10
14208 10
14209 10
14212 10
14214 10
14217 10
14221 10
14222 10
14239 10
14243 10
14244 10
14252 10
14256 10
14257 10
15181 10
15570 10
5266 10
5285 10
5295 10
5497 10
5526 10
13836 10
13843 10
13866 10
13873 10
13881 10
13888 10
13940 10
13947 10
13955 10
13962 10
13970 10
13977 10
13985 10
13992 10
14000 10
14007 10
14030 10
14037 10
14045 10
14052 10
14060 10
14067 10
14093 10
14119 10
14125 10
14130 10
14136 10
14139 10
14146 10
14168 10
14171 10
14179 10
14182 10
14187 10
14193 10
14197 10
14201 10
14206 10
14210 10
14219 10
14223 10
14241 10
14245 10
14254 10
14258 10
14009 10
14014 10
14016 10
14021 10
14023 10
15192 10
15584 10
14010 10
14015 10
14022 10
4408 10
4410 10
4414 10
4416 10
4454 10
4456 10
4457 10
4458 10
4459 10
4461 10
4462 10
4463 10
4464 10
4466 10
4468 10
4474 10
4476 10
4481 10
4483 10
14447 10
15586 10
4417 10
4419 10
4423 10
4425 10
4455 10
4460 10
4467 10
4475 10
4482 10
13845 10
13850 10
13852 10
13857 10
13859 10
15182 10
15590 10
13846 10
13851 10
13858 10
13661 10
13663 10
13667 10
13674 10
15169 10
15599 10
13662 10
13668 10
13669 10
13675 10
13691 10
13693 10
13697 10
13704 10
15171 10
15610 10
13692 10
13698 10
13699 10
13705 10
14132 10
14148 10
14150 10
14151 10
14152 10
14153 10
14155 10
14156 10
14157 10
14158 10
14160 10
14162 10
15204 10
15612 10
14138 10
14149 10
14154 10
14161 10
4597 10
15228 10
15614 10
4598 10
4569 10
15227 10
15616 10
4570 10
13934 10
15187 10
15636 10
13935 10
5272 10
5297 10
14528 10
15641 10
5284 10
5298 10
13780 10
13782 10
13786 10
13793 10
15177 10
15687 10
13781 10
13787 10
13788 10
13794 10
14121 10
15202 10
15693 10
14122 10
13964 10
15189 10
15747 10
13965 10
4431 10
4437 10
4445 10
4451 10
4507 10
14195 10
14199 10
14203 10
14205 10
14211 10
14213 10
14215 10
14218 10
14224 10
14240 10
14246 10
14253 10
14259 10
14441 10
15759 10
4433 10
4447 10
4510 10
14207 10
14220 10
14242 10
14255 10
4506 10
14225 10
15207 10
15810 10
4509 10
14226 10
13875 10
15184 10
15823 10
13876 10
5262 10
5291 10
13736 10
13738 10
13742 10
13749 10
15174 10
15828 10
5265 10
5294 10
13737 10
13743 10
13744 10
13750 10
14163 10
15205 10
15829 10
14164 10
13795 10
13797 10
13801 10
13808 10
15178 10
15845 10
13796 10
13802 10
13803 10
13809 10
13810 10
13812 10
13816 10
13823 10
15179 10
15848 10
13811 10
13817 10
13818 10
13824 10
4512 10
14460 10
15853 10
4513 10
4583 10
14468 10
15856 10
4584 10
13644 10
13649 10
13651 10
13656 10
13658 10
13664 10
13666 10
13671 10
13673 10
13679 10
13681 10
13686 10
13688 10
13694 10
13696 10
13701 10
13703 10
13709 10
13711 10
13716 10
13718 10
13724 10
13726 10
13731 10
13733 10
13739 10
13741 10
13746 10
13748 10
13754 10
13756 10
13761 10
13763 10
13769 10
13771 10
13775 10
13777 10
13783 10
13785 10
13790 10
13792 10
13798 10
13800 10
13805 10
13807 10
13813 10
13815 10
13820 10
13822 10
14071 10
14075 10
14083 10
14097 10
14101 10
14109 10
14127 10
14143 10
14170 10
14177 10
14183 10
14186 10
15167 10
15862 10
13645 10
13650 10
13657 10
13665 10
13672 10
13680 10
13687 10
13695 10
13702 10
13710 10
13717 10
13725 10
13732 10
13740 10
13747 10
13755 10
13762 10
13770 10
13776 10
13784 10
13791 10
13799 10
13806 10
13814 10
13821 10
14129 10
14145 10
14172 10
14188 10
14190 10
15206 10
15913 10
14191 10
5492 10
5521 10
14556 10
15949 10
5495 10
5524 10
4612 10
13907 10
13918 10
14469 10
15979 10
4613 10
13949 10
15188 10
15982 10
13950 10
13979 10
15190 10
16008 10
13980 10
14113 10
15201 10
16025 10
14114 10
3994 10
14421 10
16034 10
3995 10
14087 10
15198 10
16044 10
14088 10
14069 10
15196 10
16068 10
14070 10
4469 10
14448 10
16070 10
4470 10
4398 10
4399 10
4404 10
4405 10
4439 10
4453 10
14444 10
16078 10
4397 10
4403 10
3990 10
4402 10
4442 10
4465 10
4480 10
4565 10
4579 10
4593 10
4608 10
4623 10
4637 10
4652 10
4666 10
5289 10
5520 10
13640 10
13655 10
13670 10
13685 10
13700 10
13715 10
13730 10
13745 10
13760 10
13774 10
13789 10
13804 10
13819 10
13841 10
13856 10
13871 10
13886 10
13912 10
13930 10
13945 10
13960 10
13975 10
13990 10
14005 10
14020 10
14035 10
14050 10
14065 10
14142 10
14159 10
14184 10
14216 10
14251 10
10375 11
10377 11
10381 11
10388 11
14910 11
15260 11
10376 11
10382 11
10383 11
10389 11
10286 11
10287 11
10288 11
10289 11
10291 11
10292 11
10293 11
10294 11
10296 11
10298 11
10301 11
10302 11
10303 11
10304 11
10306 11
10307 11
10308 11
10310 11
10312 11
10315 11
10316 11
10317 11
10318 11
10320 11
10321 11
10322 11
10323 11
10325 11
10327 11
10330 11
10331 11
10332 11
10333 11
10335 11
10336 11
10337 11
10338 11
10340 11
10342 11
10345 11
10346 11
10347 11
10348 11
10350 11
10351 11
10352 11
10353 11
10355 11
10357 11
10360 11
10361 11
10362 11
10363 11
10365 11
10366 11
10367 11
10368 11
10370 11
10372 11
10378 11
10380 11
10385 11
10387 11
14903 11
15290 11
10290 11
10297 11
10305 11
10311 11
10319 11
10326 11
10334 11
10341 11
10349 11
10356 11
10364 11
10371 11
10379 11
10386 11
10358 11
14908 11
15325 11
10359 11
10299 11
14904 11
15409 11
10300 11
10328 11
14906 11
15539 11
10329 11
10343 11
14907 11
15895 11
10344 11
10373 11
14909 11
15915 11
10374 11
10313 11
14905 11
16094 11
10314 11
10295 11
10309 11
10324 11
10339 11
10354 11
10369 11
10384 11
6032 12
6034 12
6038 12
6045 12
14636 12
15261 12
6033 12
6039 12
6040 12
6046 12
6035 12
6037 12
6042 12
6044 12
14635 12
15954 12
6036 12
6043 12
6041 12
9722 13
9724 13
9725 13
9726 13
9727 13
9729 13
9730 13
9731 13
9732 13
9734 13
9736 13
14868 13
15262 13
9723 13
9728 13
9735 13
9737 13
14869 13
15702 13
9738 13
9718 13
9733 13
14575 14
15263 14
3996 15
3998 15
4000 15
4002 15
4004 15
4005 15
4006 15
4008 15
4009 15
4012 15
4013 15
4015 15
4017 15
4018 15
4023 15
4025 15
4027 15
4029 15
4031 15
4032 15
4033 15
4035 15
4036 15
4039 15
4040 15
4042 15
4044 15
4045 15
4050 15
4051 15
4052 15
4053 15
4055 15
4056 15
4057 15
4059 15
4061 15
4064 15
4065 15
4066 15
4067 15
4069 15
4070 15
4071 15
4073 15
4075 15
4078 15
4079 15
4080 15
4081 15
4083 15
4084 15
4085 15
4087 15
4089 15
4092 15
4093 15
4094 15
4095 15
4097 15
4098 15
4099 15
4101 15
4103 15
4106 15
4108 15
4110 15
4112 15
4114 15
4115 15
4116 15
4118 15
4119 15
4122 15
4123 15
4125 15
4127 15
4128 15
4147 15
4148 15
4149 15
4150 15
4152 15
4153 15
4154 15
4156 15
4158 15
14423 15
15264 15
3997 15
4001 15
4007 15
4010 15
4016 15
4019 15
4024 15
4028 15
4034 15
4037 15
4043 15
4046 15
4054 15
4060 15
4068 15
4074 15
4082 15
4088 15
4096 15
4102 15
4107 15
4111 15
4117 15
4120 15
4126 15
4129 15
4151 15
4157 15
4062 15
15219 15
15437 15
4063 15
4104 15
14427 15
15579 15
4105 15
3999 15
4003 15
4011 15
4020 15
14422 15
15609 15
4090 15
14426 15
15613 15
4091 15
4021 15
4026 15
4030 15
4038 15
4047 15
4109 15
4113 15
4121 15
4130 15
14424 15
15780 15
4022 15
4131 15
4133 15
4134 15
4135 15
4136 15
4138 15
4139 15
4140 15
4142 15
4144 15
14428 15
15863 15
4132 15
4137 15
4143 15
4145 15
14429 15
15897 15
4146 15
4159 15
14430 15
15903 15
4160 15
4076 15
15220 15
15947 15
4077 15
4048 15
14425 15
16015 15
4049 15
4014 15
4041 15
4058 15
4072 15
4086 15
4100 15
4124 15
4141 15
4155 15
12975 16
12977 16
12981 16
12988 16
15107 16
15265 16
12976 16
12982 16
12983 16
12989 16
12932 16
12934 16
12935 16
12936 16
12944 16
12945 16
12946 16
12958 16
15249 16
15379 16
12933 16
12947 16
12948 16
12949 16
12959 16
12938 16
12943 16
12952 16
12957 16
12978 16
12980 16
12985 16
12987 16
15106 16
15630 16
12941 16
12955 16
12979 16
12986 16
12939 16
12953 16
15108 16
15646 16
12942 16
12956 16
12937 16
12951 16
15103 16
15793 16
12940 16
12954 16
12950 16
12984 16
12332 17
12333 17
12334 17
12336 17
12340 17
12341 17
12342 17
12343 17
12345 17
12347 17
12348 17
12352 17
12356 17
12359 17
12360 17
12361 17
12363 17
12367 17
12368 17
12369 17
12370 17
12372 17
12374 17
12375 17
12379 17
12383 17
12386 17
12387 17
12388 17
12390 17
12394 17
12395 17
12396 17
12397 17
12399 17
12401 17
12402 17
12406 17
12410 17
12413 17
12415 17
12417 17
12419 17
12421 17
12422 17
12423 17
12425 17
12426 17
12429 17
12430 17
12431 17
12432 17
12434 17
12436 17
12437 17
12442 17
12443 17
12444 17
12446 17
12450 17
12451 17
12453 17
12456 17
12460 17
15070 17
15266 17
12335 17
12338 17
12346 17
12349 17
12354 17
12362 17
12365 17
12373 17
12376 17
12381 17
12389 17
12392 17
12400 17
12403 17
12408 17
12414 17
12418 17
12424 17
12427 17
12435 17
12438 17
12445 17
12448 17
12458 17
12371 17
12384 17
15073 17
15281 17
12377 17
12385 17
12398 17
12411 17
12416 17
12420 17
12428 17
12439 17
15074 17
15549 17
12404 17
12412 17
12337 17
12344 17
12350 17
12353 17
12364 17
12380 17
12391 17
12407 17
12447 17
12452 17
12454 17
12457 17
15071 17
15583 17
12339 17
12355 17
12366 17
12382 17
12393 17
12409 17
12449 17
12459 17
12461 17
15076 17
15664 17
12462 17
12440 17
15075 17
15741 17
12441 17
12357 17
15072 17
15884 17
12358 17
12351 17
12378 17
12405 17
12433 17
12455 17
14979 18
15267 18
13306 19
13308 19
13312 19
13318 19
15144 19
15270 19
13307 19
13313 19
13319 19
13309 19
13311 19
13315 19
13317 19
15143 19
15833 19
13310 19
13316 19
13314 19
12108 20
12110 20
12114 20
12121 20
15052 20
15271 20
12109 20
12115 20
12116 20
12122 20
12123 20
12125 20
12129 20
12136 20
15053 20
15526 20
12124 20
12130 20
12131 20
12137 20
12106 20
12111 20
12113 20
12118 20
12120 20
12126 20
12128 20
12133 20
12135 20
15051 20
16077 20
12107 20
12112 20
12119 20
12127 20
12134 20
12102 20
12117 20
12132 20
14520 21
15272 21
11567 22
11569 22
11573 22
11580 22
15022 22
15273 22
11568 22
11574 22
11575 22
11581 22
12711 22
12713 22
12714 22
12715 22
12723 22
12724 22
12725 22
12737 22
15245 22
15280 22
12712 22
12726 22
12727 22
12728 22
12738 22
12536 22
12538 22
12542 22
12548 22
15081 22
15299 22
12537 22
12543 22
12549 22
11353 22
11354 22
11496 22
11498 22
11502 22
11509 22
11511 22
11515 22
11523 22
11534 22
11542 22
11543 22
11546 22
11547 22
11549 22
11551 22
11553 22
11555 22
11560 22
11562 22
11564 22
11731 22
11761 22
11791 22
11821 22
12233 22
12234 22
15019 22
15323 22
11349 22
11350 22
11497 22
11503 22
11504 22
11510 22
11541 22
11545 22
11548 22
11550 22
11554 22
11556 22
11557 22
11559 22
11563 22
11735 22
11765 22
11795 22
11825 22
12229 22
12230 22
11377 22
11379 22
11383 22
11390 22
15011 22
15358 22
11378 22
11384 22
11385 22
11391 22
11865 22
11867 22
11871 22
11878 22
11998 22
12000 22
12002 22
12004 22
12005 22
12006 22
12007 22
12008 22
12009 22
12010 22
12011 22
12015 22
12016 22
15038 22
15370 22
11866 22
11872 22
11873 22
11879 22
11999 22
12003 22
12012 22
12014 22
10975 22
10976 22
10977 22
10978 22
10980 22
10981 22
10982 22
10983 22
10985 22
10987 22
11583 22
11585 22
11587 22
11589 22
11590 22
11591 22
11592 22
11596 22
11597 22
11598 22
11599 22
11600 22
11601 22
11603 22
11607 22
11608 22
12183 22
12185 22
12187 22
12189 22
12191 22
12192 22
12193 22
12195 22
12196 22
12199 22
12200 22
12201 22
12202 22
12204 22
12206 22
12207 22
12478 22
12480 22
12482 22
12484 22
12486 22
12487 22
12488 22
12490 22
12491 22
12494 22
12495 22
12496 22
12497 22
12499 22
12501 22
12502 22
14978 22
15371 22
10979 22
10986 22
11584 22
11588 22
11593 22
11595 22
11604 22
11606 22
12184 22
12188 22
12194 22
12197 22
12205 22
12208 22
12479 22
12483 22
12489 22
12492 22
12500 22
12503 22
11482 22
11484 22
11488 22
11494 22
15243 22
15406 22
11483 22
11489 22
11495 22
11798 22
11799 22
11800 22
11801 22
11803 22
11807 22
11808 22
11816 22
11817 22
11932 22
11934 22
11936 22
11938 22
11939 22
11940 22
11941 22
11942 22
11943 22
11944 22
11945 22
11949 22
11950 22
15035 22
15424 22
11802 22
11809 22
11810 22
11811 22
11818 22
11819 22
11933 22
11937 22
11946 22
11948 22
11422 22
11424 22
11428 22
11435 22
15014 22
15426 22
11423 22
11429 22
11430 22
11436 22
11850 22
11852 22
11856 22
11863 22
11976 22
11978 22
11980 22
11982 22
11983 22
11984 22
11985 22
11986 22
11987 22
11988 22
11989 22
11993 22
11994 22
15037 22
15434 22
11851 22
11857 22
11858 22
11864 22
11977 22
11981 22
11990 22
11992 22
11953 22
11954 22
11955 22
11956 22
11961 22
11962 22
11963 22
11973 22
15043 22
15441 22
11957 22
11958 22
11959 22
11960 22
11964 22
11965 22
11966 22
11974 22
12640 22
12642 22
12646 22
12652 22
15244 22
15473 22
12641 22
12647 22
12653 22
12801 22
12802 22
12803 22
12804 22
12809 22
12810 22
12817 22
12826 22
15248 22
15520 22
12805 22
12806 22
12807 22
12808 22
12818 22
12827 22
12625 22
12627 22
12631 22
12638 22
15087 22
15525 22
12626 22
12632 22
12633 22
12639 22
12507 22
12509 22
12513 22
12520 22
15079 22
15538 22
12508 22
12514 22
12515 22
12521 22
11828 22
11829 22
11830 22
11831 22
11833 22
11837 22
11838 22
11846 22
11847 22
11967 22
11971 22
11972 22
15036 22
15566 22
11832 22
11839 22
11840 22
11841 22
11848 22
11849 22
11968 22
11970 22
11347 22
11540 22
11565 22
12227 22
15021 22
15573 22
11351 22
11544 22
11566 22
12231 22
12780 22
12782 22
12783 22
12789 22
12790 22
12799 22
15247 22
15597 22
12781 22
12791 22
12792 22
12800 22
12186 22
12210 22
15058 22
15611 22
12190 22
12211 22
12667 22
12669 22
12670 22
12671 22
12672 22
12674 22
12675 22
12676 22
12677 22
12679 22
12681 22
12684 22
12685 22
12687 22
12689 22
12692 22
12694 22
12695 22
12696 22
12698 22
12701 22
12702 22
12705 22
12708 22
12717 22
12722 22
12731 22
12736 22
12739 22
12740 22
12742 22
12744 22
12747 22
12749 22
12750 22
12751 22
12753 22
12756 22
12757 22
12760 22
12763 22
12766 22
12767 22
12768 22
12769 22
12771 22
12772 22
12773 22
12775 22
12777 22
12785 22
12788 22
12795 22
12798 22
12811 22
12815 22
12816 22
12820 22
12824 22
12825 22
15088 22
15656 22
12668 22
12673 22
12680 22
12686 22
12691 22
12697 22
12700 22
12707 22
12720 22
12734 22
12741 22
12746 22
12752 22
12755 22
12762 22
12770 22
12776 22
12787 22
12797 22
12812 22
12814 22
12821 22
12823 22
12522 22
12524 22
12528 22
12534 22
15080 22
15663 22
12523 22
12529 22
12535 22
11611 22
11613 22
11617 22
11624 22
15024 22
15668 22
11612 22
11618 22
11619 22
11625 22
11407 22
11409 22
11413 22
11420 22
15013 22
15678 22
11408 22
11414 22
11415 22
11421 22
12476 22
12481 22
12485 22
12493 22
12504 22
12510 22
12512 22
12517 22
12519 22
12525 22
12527 22
12531 22
12533 22
12539 22
12541 22
12545 22
12547 22
15077 22
15682 22
12477 22
12511 22
12518 22
12526 22
12532 22
12540 22
12546 22
12212 22
12214 22
12218 22
12225 22
15059 22
15718 22
12213 22
12219 22
12220 22
12226 22
11392 22
11394 22
11398 22
11405 22
15012 22
15723 22
11393 22
11399 22
11400 22
11406 22
11348 22
11485 22
11487 22
11491 22
11493 22
11499 22
11501 22
11506 22
11508 22
11552 22
11561 22
11570 22
11572 22
11577 22
11579 22
11582 22
11586 22
11594 22
11605 22
11614 22
11616 22
11621 22
11623 22
11626 22
11627 22
11628 22
11629 22
11631 22
11632 22
11633 22
11635 22
11637 22
12228 22
12813 22
12822 22
15018 22
15729 22
11352 22
11486 22
11492 22
11500 22
11507 22
11571 22
11578 22
11615 22
11622 22
11630 22
11636 22
12232 22
12505 22
15078 22
15731 22
12506 22
11768 22
11769 22
11770 22
11771 22
11773 22
11777 22
11778 22
11786 22
11787 22
11910 22
11912 22
11914 22
11916 22
11917 22
11918 22
11919 22
11920 22
11921 22
11922 22
11923 22
11927 22
11928 22
15034 22
15751 22
11772 22
11779 22
11780 22
11781 22
11788 22
11789 22
11911 22
11915 22
11924 22
11926 22
11738 22
11739 22
11740 22
11756 22
11757 22
11774 22
11776 22
11783 22
11785 22
11804 22
11806 22
11813 22
11815 22
11834 22
11836 22
11843 22
11845 22
11853 22
11855 22
11860 22
11862 22
11868 22
11870 22
11875 22
11877 22
11880 22
11881 22
11882 22
11883 22
11885 22
11886 22
11887 22
11888 22
11890 22
11892 22
11895 22
11896 22
11897 22
11898 22
11900 22
11901 22
11902 22
11904 22
11906 22
15033 22
15753 22
11758 22
11759 22
11775 22
11784 22
11805 22
11814 22
11835 22
11844 22
11854 22
11861 22
11869 22
11876 22
11884 22
11891 22
11899 22
11905 22
11437 22
11439 22
11443 22
11450 22
15015 22
15758 22
11438 22
11444 22
11445 22
11451 22
11609 22
15023 22
15761 22
11610 22
12235 22
12236 22
12237 22
12253 22
12254 22
15061 22
15771 22
12255 22
12256 22
11997 22
12017 22
15045 22
15779 22
12001 22
12018 22
11975 22
11995 22
15044 22
15852 22
11979 22
11996 22
11538 22
11730 22
11760 22
11790 22
11820 22
15020 22
15857 22
11539 22
11734 22
11764 22
11794 22
11824 22
11893 22
11909 22
11913 22
11925 22
11931 22
11935 22
11947 22
11969 22
11991 22
12013 22
15039 22
15874 22
11894 22
10988 22
14980 22
15906 22
10989 22
11951 22
15042 22
15918 22
11952 22
12693 22
12709 22
15090 22
15933 22
12699 22
12710 22
11929 22
15041 22
15983 22
11930 22
12181 22
12198 22
12209 22
12215 22
12217 22
12222 22
12224 22
15057 22
15991 22
12182 22
12216 22
12223 22
12593 22
12595 22
12596 22
12597 22
12598 22
12600 22
12601 22
12602 22
12603 22
12605 22
12607 22
12610 22
12611 22
12612 22
12613 22
12615 22
12616 22
12617 22
12618 22
12620 22
12622 22
12628 22
12630 22
12635 22
12637 22
12643 22
12645 22
12649 22
12651 22
12688 22
12704 22
12716 22
12730 22
12743 22
12748 22
12754 22
12759 22
12784 22
12794 22
15084 22
15997 22
12594 22
12599 22
12606 22
12614 22
12621 22
12629 22
12636 22
12644 22
12650 22
12690 22
12706 22
12719 22
12733 22
12745 22
12761 22
12786 22
12796 22
12778 22
15246 22
16006 22
12779 22
12608 22
12718 22
12732 22
15085 22
16019 22
12609 22
12721 22
12735 22
12764 22
15091 22
16024 22
12765 22
12682 22
15089 22
16036 22
12683 22
11638 22
15025 22
16041 22
11639 22
11355 22
11356 22
11357 22
11373 22
11374 22
11380 22
11382 22
11387 22
11389 22
11395 22
11397 22
11402 22
11404 22
11410 22
11412 22
11417 22
11419 22
11425 22
11427 22
11432 22
11434 22
11440 22
11442 22
11447 22
11449 22
15010 22
16054 22
11375 22
11376 22
11381 22
11388 22
11396 22
11403 22
11411 22
11418 22
11426 22
11433 22
11441 22
11448 22
11907 22
15040 22
16066 22
11908 22
12623 22
15086 22
16096 22
12624 22
10984 22
11369 22
11386 22
11401 22
11416 22
11431 22
11446 22
11490 22
11505 22
11531 22
11558 22
11576 22
11602 22
11620 22
11634 22
11752 22
11782 22
11812 22
11842 22
11859 22
11874 22
11889 22
11903 22
12177 22
12203 22
12221 22
12249 22
12472 22
12498 22
12516 22
12530 22
12544 22
12589 22
12604 22
12619 22
12634 22
12648 22
12663 22
12678 22
12703 22
12729 22
12758 22
12774 22
12793 22
12819 22
9292 23
9294 23
9298 23
9305 23
14832 23
15274 23
9293 23
9299 23
9300 23
9306 23
9307 23
9309 23
9313 23
9320 23
14833 23
15554 23
9308 23
9314 23
9315 23
9321 23
9295 23
9297 23
9302 23
9304 23
9310 23
9312 23
9317 23
9319 23
14831 23
15812 23
9296 23
9303 23
9311 23
9318 23
9301 23
9316 23
4232 24
4234 24
4238 24
4245 24
14439 24
15276 24
4233 24
4239 24
4240 24
4246 24
4186 24
4187 24
4303 24
4304 24
7847 24
7848 24
7849 24
7850 24
7852 24
7853 24
7854 24
7855 24
7857 24
7859 24
14765 24
15307 24
4188 24
4189 24
4305 24
4306 24
7851 24
7858 24
7877 24
7879 24
7883 24
7890 24
14771 24
15314 24
7878 24
7884 24
7885 24
7891 24
4172 24
4173 24
14773 24
15344 24
4174 24
4175 24
10405 24
10407 24
10411 24
10418 24
14914 24
15389 24
10406 24
10412 24
10413 24
10419 24
4287 24
4288 24
10390 24
10391 24
10392 24
10393 24
10395 24
10396 24
10397 24
10398 24
10400 24
10402 24
10408 24
10410 24
10415 24
10417 24
10420 24
10421 24
10422 24
10424 24
10428 24
10429 24
10431 24
10434 24
10438 24
14912 24
15419 24
4289 24
4290 24
10394 24
10401 24
10409 24
10416 24
10423 24
10426 24
10436 24
4176 24
9393 24
14838 24
15422 24
4179 24
9394 24
7862 24
7864 24
7868 24
7875 24
14770 24
15475 24
7863 24
7869 24
7870 24
7876 24
4217 24
4219 24
4223 24
4230 24
4235 24
4237 24
4242 24
4244 24
14438 24
15528 24
4218 24
4224 24
4225 24
4231 24
4236 24
4243 24
7802 24
7804 24
7808 24
7815 24
14762 24
15575 24
7803 24
7809 24
7810 24
7816 24
10403 24
14913 24
15639 24
10404 24
7788 24
7790 24
7794 24
7800 24
14761 24
15708 24
7789 24
7795 24
7801 24
4214 24
4215 24
4216 24
4220 24
4222 24
4227 24
4229 24
14437 24
15730 24
4221 24
4228 24
4190 24
4191 24
4307 24
4308 24
7791 24
7793 24
7797 24
7799 24
7805 24
7807 24
7812 24
7814 24
7817 24
7818 24
7819 24
7820 24
7822 24
7823 24
7824 24
7825 24
7827 24
7829 24
7832 24
7833 24
7834 24
7835 24
7837 24
7838 24
7839 24
7840 24
7842 24
7844 24
14760 24
15822 24
4192 24
4193 24
4309 24
4310 24
7792 24
7798 24
7806 24
7813 24
7821 24
7828 24
7836 24
7843 24
7845 24
14764 24
15839 24
7846 24
7860 24
14766 24
15865 24
7861 24
4168 24
4169 24
14837 24
15920 24
4170 24
4171 24
4194 24
4195 24
4321 24
4322 24
7865 24
7867 24
7872 24
7874 24
7880 24
7882 24
7887 24
7889 24
14769 24
15922 24
4196 24
4197 24
4323 24
4324 24
7866 24
7873 24
7881 24
7888 24
10430 24
10439 24
15241 24
15931 24
10432 24
10440 24
7830 24
14763 24
16016 24
7831 24
4182 24
4183 24
10425 24
10435 24
14915 24
16043 24
4184 24
4185 24
10427 24
10437 24
4198 24
4205 24
4199 24
4200 24
4201 24
4202 24
4203 24
4204 24
4226 24
4241 24
7796 24
7811 24
7826 24
7841 24
7856 24
7871 24
7886 24
9389 24
10399 24
10414 24
10433 24
4206 24
4213 24
4207 24
4208 24
4209 24
4210 24
4211 24
4212 24
10572 25
14926 26
15278 27
10573 28
8845 29
8847 29
8848 29
8849 29
8850 29
8852 29
8853 29
8854 29
8855 29
8857 29
8859 29
14804 29
15279 29
8846 29
8851 29
8858 29
8860 29
14805 29
15974 29
8861 29
8841 29
8856 29
14570 30
15282 30
12841 31
15093 32
15284 33
12842 34
6795 35
6797 35
6801 35
6808 35
14689 35
15285 35
6796 35
6802 35
6803 35
6809 35
6870 35
6872 35
6876 35
6883 35
14694 35
15361 35
6871 35
6877 35
6878 35
6884 35
6855 35
6857 35
6861 35
6868 35
14693 35
15517 35
6856 35
6862 35
6863 35
6869 35
6721 35
6723 35
6727 35
6733 35
14684 35
15567 35
6722 35
6728 35
6734 35
6840 35
6842 35
6846 35
6853 35
14692 35
15626 35
6841 35
6847 35
6848 35
6854 35
6900 35
6902 35
6903 35
6909 35
6910 35
6911 35
6912 35
6925 35
14696 35
15645 35
6901 35
6913 35
6914 35
6915 35
6916 35
6917 35
6918 35
6926 35
6707 35
6709 35
6713 35
6719 35
15231 35
15658 35
6708 35
6714 35
6720 35
6810 35
6812 35
6816 35
6823 35
14690 35
15713 35
6811 35
6817 35
6818 35
6824 35
6780 35
6782 35
6786 35
6793 35
14688 35
15720 35
6781 35
6787 35
6788 35
6794 35
6885 35
6887 35
6891 35
6898 35
14695 35
15732 35
6886 35
6892 35
6893 35
6899 35
6648 35
6650 35
6654 35
6661 35
14676 35
15832 35
6649 35
6655 35
6656 35
6662 35
6651 35
6653 35
6658 35
6660 35
6905 35
6908 35
6921 35
6924 35
14675 35
15855 35
6652 35
6659 35
6907 35
6923 35
6825 35
6827 35
6831 35
6838 35
14691 35
15880 35
6826 35
6832 35
6833 35
6839 35
6765 35
6767 35
6771 35
6778 35
14687 35
15891 35
6766 35
6772 35
6773 35
6779 35
6710 35
6712 35
6716 35
6718 35
6724 35
6726 35
6730 35
6732 35
6735 35
6736 35
6737 35
6738 35
6740 35
6741 35
6742 35
6743 35
6745 35
6747 35
6750 35
6751 35
6752 35
6753 35
6755 35
6756 35
6757 35
6758 35
6760 35
6762 35
6768 35
6770 35
6775 35
6777 35
6783 35
6785 35
6790 35
6792 35
6798 35
6800 35
6805 35
6807 35
6813 35
6815 35
6820 35
6822 35
6828 35
6830 35
6835 35
6837 35
6843 35
6845 35
6850 35
6852 35
6858 35
6860 35
6865 35
6867 35
6873 35
6875 35
6880 35
6882 35
6888 35
6890 35
6895 35
6897 35
6904 35
6920 35
14683 35
15984 35
6711 35
6717 35
6725 35
6731 35
6739 35
6746 35
6754 35
6761 35
6769 35
6776 35
6784 35
6791 35
6799 35
6806 35
6814 35
6821 35
6829 35
6836 35
6844 35
6851 35
6859 35
6866 35
6874 35
6881 35
6889 35
6896 35
6906 35
6922 35
6763 35
14686 35
16020 35
6764 35
6748 35
14685 35
16082 35
6749 35
6657 35
6715 35
6729 35
6744 35
6759 35
6774 35
6789 35
6804 35
6819 35
6834 35
6849 35
6864 35
6879 35
6894 35
6919 35
14682 36
15287 36
14756 37
15289 37
14495 38
15291 38
4732 39
4733 39
4734 39
4735 39
4737 39
4738 39
4739 39
4740 39
4742 39
4744 39
14489 39
15293 39
4736 39
4743 39
4745 39
4747 39
4748 39
4749 39
4750 39
4752 39
4753 39
4754 39
4755 39
4757 39
4759 39
14490 39
15778 39
4746 39
4751 39
4758 39
4760 39
14491 39
15967 39
4761 39
4741 39
4756 39
15221 40
15294 40
14674 41
15295 41
13320 42
13321 42
13322 42
13323 42
13325 42
13326 42
13327 42
13329 42
13331 42
15145 42
15296 42
13324 42
13330 42
13332 42
15250 42
15927 42
13333 42
13328 42
14521 43
15297 43
14534 44
15298 44
14665 45
15300 45
8993 46
8994 46
8995 46
8996 46
9001 46
9002 46
9009 46
9018 46
14814 46
15301 46
8997 46
8998 46
8999 46
9000 46
9010 46
9019 46
10843 46
10870 46
14959 46
15354 46
10847 46
10871 46
9020 46
9021 46
9022 46
9023 46
9028 46
9029 46
9036 46
9045 46
14815 46
15397 46
9024 46
9025 46
9026 46
9027 46
9037 46
9046 46
9101 46
9102 46
9103 46
9104 46
9109 46
9110 46
9117 46
9126 46
14818 46
15401 46
9105 46
9106 46
9107 46
9108 46
9118 46
9127 46
8956 46
8957 46
8958 46
8959 46
8961 46
8965 46
8966 46
8974 46
8975 46
14812 46
15571 46
8960 46
8967 46
8968 46
8969 46
8976 46
8977 46
8978 46
8980 46
8984 46
8991 46
9003 46
9007 46
9008 46
9012 46
9016 46
9017 46
9030 46
9034 46
9035 46
9039 46
9043 46
9044 46
9048 46
9050 46
9052 46
9054 46
9055 46
9056 46
9057 46
9061 46
9062 46
9063 46
9064 46
9066 46
9070 46
9071 46
9075 46
9077 46
9079 46
9081 46
9082 46
9083 46
9084 46
9088 46
9089 46
9090 46
9091 46
9093 46
9097 46
9098 46
9111 46
9115 46
9116 46
9120 46
9124 46
9125 46
9129 46
9131 46
9133 46
9135 46
9136 46
9137 46
9138 46
9142 46
9143 46
9144 46
9145 46
9146 46
9147 46
9149 46
9153 46
9154 46
14813 46
15588 46
8979 46
8985 46
8986 46
8992 46
9004 46
9006 46
9013 46
9015 46
9031 46
9033 46
9040 46
9042 46
9049 46
9053 46
9058 46
9060 46
9067 46
9069 46
9076 46
9080 46
9085 46
9087 46
9094 46
9096 46
9112 46
9114 46
9121 46
9123 46
9130 46
9134 46
9139 46
9141 46
9150 46
9152 46
9074 46
9099 46
14817 46
15676 46
9078 46
9100 46
9128 46
9155 46
14819 46
15688 46
9132 46
9156 46
8952 46
8953 46
10855 46
10866 46
14450 46
15690 46
8954 46
8955 46
9047 46
9072 46
14816 46
15804 46
9051 46
9073 46
8950 46
8962 46
8964 46
8971 46
8973 46
8981 46
8983 46
8988 46
8990 46
9005 46
9014 46
9032 46
9041 46
9059 46
9068 46
9086 46
9095 46
9113 46
9122 46
9140 46
9151 46
14811 46
15825 46
8951 46
8963 46
8972 46
8982 46
8989 46
8946 46
8970 46
8987 46
9011 46
9038 46
9065 46
9092 46
9119 46
9148 46
10863 46
5431 47
5433 47
5437 47
5444 47
14548 47
15302 47
5432 47
5438 47
5439 47
5445 47
5387 47
5389 47
5393 47
5400 47
5403 47
5405 47
5407 47
5409 47
5410 47
5411 47
5412 47
5416 47
5417 47
5418 47
5419 47
5420 47
5421 47
5423 47
5427 47
5428 47
14546 47
15593 47
5388 47
5394 47
5395 47
5401 47
5404 47
5408 47
5413 47
5415 47
5424 47
5426 47
5390 47
5392 47
5397 47
5399 47
5402 47
5406 47
5414 47
5425 47
5434 47
5436 47
5441 47
5443 47
14545 47
15661 47
5391 47
5398 47
5435 47
5442 47
5429 47
14547 47
15946 47
5430 47
5396 47
5422 47
5440 47
6341 48
14651 49
15304 50
6342 51
9485 52
9487 52
9491 52
9498 52
14847 52
15305 52
9486 52
9492 52
9493 52
9499 52
9423 52
9425 52
9426 52
9427 52
9428 52
9430 52
9431 52
9432 52
9433 52
9435 52
9437 52
9488 52
9490 52
9495 52
9497 52
14842 52
15413 52
9424 52
9429 52
9436 52
9489 52
9496 52
9470 52
9472 52
9476 52
9483 52
14846 52
15509 52
9471 52
9477 52
9478 52
9484 52
9438 52
9440 52
9441 52
9442 52
9443 52
9445 52
9446 52
9447 52
9448 52
9450 52
9452 52
9473 52
9475 52
9480 52
9482 52
14843 52
15574 52
9439 52
9444 52
9451 52
9474 52
9481 52
9453 52
9455 52
9456 52
9457 52
9458 52
9460 52
9461 52
9462 52
9463 52
9465 52
9467 52
14844 52
15743 52
9454 52
9459 52
9466 52
9468 52
14845 52
15842 52
9469 52
9419 52
9434 52
9449 52
9464 52
9479 52
9494 52
11092 53
14988 54
15309 55
11093 56
10228 57
10229 57
10230 57
10231 57
10233 57
10234 57
10235 57
10236 57
10238 57
10240 57
14900 57
15310 57
10232 57
10239 57
10241 57
14901 57
15787 57
10242 57
10237 57
11094 58
11096 58
11100 58
11107 58
14991 58
15311 58
11095 58
11101 58
11102 58
11108 58
11097 58
11099 58
11104 58
11106 58
11109 58
11110 58
11111 58
11112 58
11114 58
11115 58
11116 58
11117 58
11119 58
11121 58
14990 58
15681 58
11098 58
11105 58
11113 58
11120 58
11122 58
14992 58
15870 58
11123 58
11103 58
11118 58
5928 59
5930 59
5934 59
5941 59
14614 59
15312 59
5929 59
5935 59
5936 59
5942 59
5931 59
5933 59
5938 59
5940 59
14613 59
15861 59
5932 59
5939 59
5937 59
9256 60
14827 61
15313 62
9257 63
7328 64
7330 64
7334 64
7341 64
14725 64
15315 64
7329 64
7335 64
7336 64
7342 64
7343 64
7345 64
7349 64
7356 64
14726 64
15721 64
7344 64
7350 64
7351 64
7357 64
7373 64
7375 64
7379 64
7386 64
14728 64
16031 64
7374 64
7380 64
7381 64
7387 64
7358 64
7360 64
7364 64
7371 64
14727 64
16052 64
7359 64
7365 64
7366 64
7372 64
7331 64
7333 64
7338 64
7340 64
7346 64
7348 64
7353 64
7355 64
7361 64
7363 64
7368 64
7370 64
7376 64
7378 64
7383 64
7385 64
14724 64
16063 64
7332 64
7339 64
7347 64
7354 64
7362 64
7369 64
7377 64
7384 64
7337 64
7352 64
7367 64
7382 64
5299 65
5300 65
5301 65
5302 65
5304 65
5305 65
5306 65
5307 65
5309 65
5311 65
5314 65
5315 65
5316 65
5317 65
5319 65
5320 65
5321 65
5322 65
5324 65
5326 65
14529 65
15316 65
5303 65
5310 65
5318 65
5325 65
5312 65
14530 65
15501 65
5313 65
5327 65
14531 65
15754 65
5328 65
5308 65
5323 65
14411 66
15317 66
14971 67
15320 67
14262 68
14264 68
14268 68
14275 68
15210 68
15321 68
14263 68
14269 68
14270 68
14276 68
14265 68
14267 68
14272 68
14274 68
14277 68
14278 68
14279 68
14280 68
14282 68
14283 68
14284 68
14285 68
14287 68
14289 68
14292 68
14293 68
14294 68
14295 68
14297 68
14298 68
14299 68
14300 68
14302 68
14304 68
14307 68
14308 68
14309 68
14310 68
14312 68
14313 68
14314 68
14316 68
14318 68
14321 68
14322 68
14323 68
14324 68
14326 68
14327 68
14328 68
14329 68
14331 68
14333 68
15209 68
15349 68
14266 68
14273 68
14281 68
14288 68
14296 68
14303 68
14311 68
14317 68
14325 68
14332 68
14365 68
14367 68
14371 68
14378 68
15215 68
15801 68
14366 68
14372 68
14373 68
14379 68
14305 68
15212 68
15814 68
14306 68
14336 68
14338 68
14342 68
14348 68
15252 68
15890 68
14337 68
14343 68
14349 68
14290 68
15211 68
15929 68
14291 68
14334 68
14339 68
14341 68
14345 68
14347 68
14350 68
14351 68
14352 68
14353 68
14355 68
14356 68
14357 68
14358 68
14360 68
14362 68
15213 68
15930 68
14335 68
14340 68
14346 68
14354 68
14361 68
14363 68
14368 68
14370 68
14375 68
14377 68
15214 68
15937 68
14364 68
14369 68
14376 68
14319 68
15251 68
16030 68
14320 68
14271 68
14286 68
14301 68
14315 68
14330 68
14344 68
14359 68
14374 68
14574 69
15326 69
12302 70
12304 70
12308 70
12315 70
12317 70
12318 70
12319 70
12320 70
12322 70
12323 70
12324 70
12325 70
12327 70
12329 70
15068 70
15327 70
12303 70
12309 70
12310 70
12316 70
12321 70
12328 70
4317 70
4318 70
12305 70
12307 70
12312 70
12314 70
15067 70
15542 70
4319 70
4320 70
12306 70
12313 70
12330 70
15069 70
15999 70
12331 70
12311 70
12326 70
6447 71
6449 71
6453 71
6459 71
15230 71
15328 71
6448 71
6454 71
6460 71
6326 71
6506 71
6507 71
6508 71
6510 71
6514 71
6515 71
6516 71
6517 71
6519 71
6521 71
6522 71
6526 71
6530 71
6533 71
6534 71
6535 71
6537 71
6541 71
6542 71
6543 71
6544 71
6546 71
6548 71
6549 71
6553 71
6557 71
14650 71
15479 71
6327 71
6509 71
6512 71
6520 71
6523 71
6528 71
6536 71
6539 71
6547 71
6550 71
6555 71
6518 71
6531 71
14663 71
15660 71
6524 71
6532 71
6430 71
6432 71
6433 71
6434 71
6435 71
6437 71
6438 71
6439 71
6440 71
6442 71
6444 71
6450 71
6452 71
6456 71
6458 71
6511 71
6527 71
6538 71
6545 71
6551 71
6554 71
14658 71
15716 71
6431 71
6436 71
6443 71
6451 71
6457 71
6513 71
6529 71
6540 71
6556 71
6558 71
14664 71
15728 71
6559 71
6445 71
14659 71
15926 71
6446 71
6322 71
6426 71
6441 71
6455 71
6525 71
6552 71
7226 72
7228 72
7232 72
7239 72
14717 72
15329 72
7227 72
7233 72
7234 72
7240 72
7182 72
7183 72
7184 72
7185 72
7190 72
7191 72
7198 72
7209 72
14715 72
15334 72
7186 72
7187 72
7188 72
7189 72
7199 72
7200 72
7201 72
7210 72
7017 72
7019 72
7023 72
7030 72
14704 72
15423 72
7018 72
7024 72
7025 72
7031 72
7107 72
7109 72
7113 72
7120 72
14710 72
15480 72
7108 72
7114 72
7115 72
7121 72
6927 72
6929 72
6933 72
6940 72
14698 72
15494 72
6928 72
6934 72
6935 72
6941 72
7032 72
7034 72
7038 72
7045 72
14705 72
15518 72
7033 72
7039 72
7040 72
7046 72
7241 72
7245 72
6972 72
6974 72
6978 72
6985 72
14701 72
15625 72
6973 72
6979 72
6980 72
6986 72
7077 72
7079 72
7083 72
7090 72
14708 72
15627 72
7078 72
7084 72
7085 72
7091 72
6957 72
6959 72
6963 72
6970 72
14700 72
15629 72
6958 72
6964 72
6965 72
6971 72
7167 72
7169 72
7173 72
7180 72
14714 72
15643 72
7168 72
7174 72
7175 72
7181 72
7047 72
7049 72
7053 72
7060 72
14706 72
15674 72
7048 72
7054 72
7055 72
7061 72
7092 72
7094 72
7098 72
7105 72
14709 72
15699 72
7093 72
7099 72
7100 72
7106 72
6987 72
6989 72
6993 72
7000 72
14702 72
15770 72
6988 72
6994 72
6995 72
7001 72
7268 72
7270 72
7274 72
7281 72
14719 72
15782 72
7269 72
7275 72
7276 72
7282 72
6930 72
6932 72
6937 72
6939 72
6942 72
6943 72
6944 72
6945 72
6947 72
6948 72
6949 72
6950 72
6952 72
6954 72
6960 72
6962 72
6967 72
6969 72
6975 72
6977 72
6982 72
6984 72
6990 72
6992 72
6997 72
6999 72
7002 72
7003 72
7004 72
7005 72
7007 72
7008 72
7009 72
7010 72
7012 72
7014 72
7020 72
7022 72
7027 72
7029 72
7035 72
7037 72
7042 72
7044 72
7050 72
7052 72
7057 72
7059 72
7062 72
7063 72
7064 72
7065 72
7067 72
7068 72
7069 72
7070 72
7072 72
7074 72
7080 72
7082 72
7087 72
7089 72
7095 72
7097 72
7102 72
7104 72
7110 72
7112 72
7117 72
7119 72
7122 72
7123 72
7124 72
7125 72
7127 72
7128 72
7129 72
7130 72
7132 72
7134 72
7137 72
7138 72
7139 72
7140 72
7142 72
7143 72
7144 72
7145 72
7147 72
7149 72
7152 72
7153 72
7154 72
7155 72
7157 72
7158 72
7159 72
7160 72
7162 72
7164 72
7170 72
7172 72
7177 72
7179 72
7192 72
7194 72
7195 72
7203 72
7205 72
7206 72
7211 72
7212 72
7213 72
7214 72
7216 72
7217 72
7218 72
7219 72
7221 72
7223 72
7229 72
7231 72
7236 72
7238 72
7253 72
7262 72
7271 72
7273 72
7278 72
7280 72
14697 72
15837 72
6931 72
6938 72
6946 72
6953 72
6961 72
6968 72
6976 72
6983 72
6991 72
6998 72
7006 72
7013 72
7021 72
7028 72
7036 72
7043 72
7051 72
7058 72
7066 72
7073 72
7081 72
7088 72
7096 72
7103 72
7111 72
7118 72
7126 72
7133 72
7141 72
7148 72
7156 72
7163 72
7171 72
7178 72
7193 72
7196 72
7204 72
7207 72
7215 72
7222 72
7230 72
7237 72
7272 72
7279 72
7150 72
14712 72
15928 72
7151 72
7015 72
14703 72
15963 72
7016 72
7165 72
14713 72
15986 72
7166 72
6955 72
14699 72
15989 72
6956 72
7075 72
14707 72
16057 72
7076 72
7135 72
7197 72
7208 72
14711 72
16088 72
7136 72
7224 72
14716 72
16092 72
7225 72
6936 72
6951 72
6966 72
6981 72
6996 72
7011 72
7026 72
7041 72
7056 72
7071 72
7086 72
7101 72
7116 72
7131 72
7146 72
7161 72
7176 72
7202 72
7220 72
7235 72
7277 72
7388 73
7389 73
7390 73
7391 73
7393 73
7394 73
7395 73
7396 73
7398 73
7400 73
7403 73
7404 73
7405 73
7406 73
7408 73
7409 73
7410 73
7411 73
7413 73
7415 73
14729 73
15330 73
7392 73
7399 73
7407 73
7414 73
7416 73
14731 73
15465 73
7417 73
7401 73
14730 73
15553 73
7402 73
7397 73
7412 73
10544 74
10546 74
10550 74
10557 74
14925 74
15332 74
10545 74
10551 74
10552 74
10558 74
10542 74
10547 74
10549 74
10554 74
10556 74
14924 74
15468 74
10543 74
10548 74
10555 74
10538 74
10553 74
14638 75
15335 75
14464 76
15337 76
15101 77
15338 77
10633 78
10635 78
10639 78
10646 78
14938 78
15340 78
10634 78
10640 78
10641 78
10647 78
10708 78
10710 78
10714 78
10721 78
14943 78
15390 78
10709 78
10715 78
10716 78
10722 78
10604 78
10606 78
10610 78
10616 78
15242 78
15430 78
10605 78
10611 78
10617 78
10663 78
10665 78
10669 78
10676 78
14940 78
15453 78
10664 78
10670 78
10671 78
10677 78
10678 78
10680 78
10684 78
10691 78
14941 78
15564 78
10679 78
10685 78
10686 78
10692 78
10618 78
10620 78
10624 78
10631 78
14937 78
15580 78
10619 78
10625 78
10626 78
10632 78
10648 78
10650 78
10654 78
10661 78
14939 78
15883 78
10649 78
10655 78
10656 78
10662 78
10607 78
10609 78
10613 78
10615 78
10621 78
10623 78
10628 78
10630 78
10636 78
10638 78
10643 78
10645 78
10651 78
10653 78
10658 78
10660 78
10666 78
10668 78
10673 78
10675 78
10681 78
10683 78
10688 78
10690 78
10693 78
10694 78
10695 78
10696 78
10698 78
10699 78
10700 78
10701 78
10703 78
10705 78
14936 78
15985 78
10608 78
10614 78
10622 78
10629 78
10637 78
10644 78
10652 78
10659 78
10667 78
10674 78
10682 78
10689 78
10697 78
10704 78
10706 78
10711 78
10713 78
10718 78
10720 78
14942 78
16001 78
10707 78
10712 78
10719 78
10612 78
10627 78
10642 78
10657 78
10672 78
10687 78
10702 78
10717 78
9200 79
14824 80
15346 81
9201 82
3952 83
3953 83
3954 83
3955 83
3957 83
3958 83
3959 83
3960 83
3962 83
3964 83
3967 83
3968 83
3969 83
3970 83
3972 83
3973 83
3974 83
3975 83
3977 83
3979 83
14417 83
15347 83
3956 83
3963 83
3971 83
3978 83
3980 83
14419 83
15476 83
3981 83
3965 83
14418 83
15640 83
3966 83
3961 83
3976 83
14535 84
15353 84
7594 85
7596 85
7598 85
7600 85
7601 85
7602 85
7603 85
7607 85
7608 85
7609 85
7610 85
7611 85
7612 85
7614 85
7618 85
7619 85
14745 85
15356 85
7595 85
7599 85
7604 85
7606 85
7615 85
7617 85
7593 85
7620 85
14747 85
15603 85
7597 85
7621 85
7605 85
7616 85
14746 85
15887 85
7613 85
4805 86
4806 86
4807 86
4808 86
4810 86
4811 86
4812 86
4814 86
4816 86
14498 86
15357 86
4809 86
4815 86
4817 86
14499 86
15482 86
4818 86
4813 86
5154 87
5155 87
5156 87
5157 87
5159 87
5160 87
5161 87
5162 87
5164 87
5166 87
5169 87
5170 87
5171 87
5172 87
5174 87
5175 87
5176 87
5177 87
5179 87
5181 87
14515 87
15360 87
5158 87
5165 87
5173 87
5180 87
5167 87
14516 87
15417 87
5168 87
5182 87
14517 87
16069 87
5183 87
5163 87
5178 87
10155 88
14894 89
15362 90
10156 91
7549 92
7551 92
7555 92
7562 92
14740 92
15363 92
7550 92
7556 92
7557 92
7563 92
7461 92
7463 92
7467 92
7474 92
7476 92
7477 92
7478 92
7479 92
7481 92
7482 92
7483 92
7485 92
7487 92
14735 92
15446 92
7462 92
7468 92
7469 92
7475 92
7480 92
7486 92
7418 92
7420 92
7422 92
7424 92
7426 92
7427 92
7428 92
7430 92
7431 92
7434 92
7435 92
7436 92
7437 92
7439 92
7441 92
7442 92
14732 92
15463 92
7419 92
7423 92
7429 92
7432 92
7440 92
7443 92
4273 92
4274 92
7421 92
7425 92
7433 92
7444 92
7464 92
7466 92
7471 92
7473 92
7504 92
7505 92
7506 92
7507 92
7509 92
7510 92
7511 92
7512 92
7514 92
7516 92
7519 92
7520 92
7521 92
7522 92
7524 92
7525 92
7526 92
7527 92
7529 92
7531 92
7534 92
7535 92
7536 92
7537 92
7539 92
7540 92
7541 92
7542 92
7544 92
7546 92
7552 92
7554 92
7559 92
7561 92
7564 92
7565 92
7566 92
7567 92
7569 92
7570 92
7571 92
7572 92
7574 92
7576 92
7579 92
7580 92
7581 92
7582 92
7584 92
7585 92
7586 92
7588 92
7590 92
14734 92
15523 92
4275 92
4276 92
7465 92
7472 92
7508 92
7515 92
7523 92
7530 92
7538 92
7545 92
7553 92
7560 92
7568 92
7575 92
7583 92
7589 92
7445 92
7447 92
7448 92
7449 92
7450 92
7452 92
7453 92
7454 92
7456 92
7458 92
14733 92
15561 92
7446 92
7451 92
7457 92
7488 92
7490 92
7491 92
7492 92
7493 92
7495 92
7496 92
7497 92
7499 92
7501 92
14736 92
15698 92
7489 92
7494 92
7500 92
7517 92
14737 92
15726 92
7518 92
7459 92
15232 92
15777 92
7460 92
7532 92
14738 92
15850 92
7533 92
7577 92
14741 92
15917 92
7578 92
7591 92
15234 92
15998 92
7592 92
7502 92
15233 92
16012 92
7503 92
7547 92
14739 92
16013 92
7548 92
7438 92
7455 92
7470 92
7484 92
7498 92
7513 92
7528 92
7543 92
7558 92
7573 92
7587 92
13035 93
13037 93
13041 93
13048 93
15122 93
15365 93
13036 93
13042 93
13043 93
13049 93
13038 93
13040 93
13045 93
13047 93
13050 93
13051 93
13052 93
13053 93
13055 93
13056 93
13057 93
13058 93
13060 93
13062 93
15121 93
15410 93
13039 93
13046 93
13054 93
13061 93
13063 93
15123 93
15516 93
13064 93
13044 93
13059 93
8935 94
14810 95
15367 96
8936 97
6296 98
14648 99
15369 100
6297 101
14953 102
15372 102
12151 103
12153 103
12154 103
12155 103
12156 103
12158 103
12159 103
12160 103
12161 103
12163 103
12165 103
15055 103
15373 103
12152 103
12157 103
12164 103
12166 103
15056 103
15677 103
12167 103
12147 103
12162 103
5898 104
5900 104
5904 104
5911 104
14610 104
15374 104
5899 104
5905 104
5906 104
5912 104
5883 104
5885 104
5889 104
5896 104
5901 104
5903 104
5908 104
5910 104
14609 104
15762 104
5884 104
5890 104
5891 104
5897 104
5902 104
5909 104
5886 104
5888 104
5893 104
5895 104
14608 104
15847 104
5887 104
5894 104
5892 104
5907 104
5913 105
5914 105
5915 105
5916 105
5918 105
5919 105
5920 105
5921 105
5923 105
5925 105
14611 105
15377 105
5917 105
5924 105
5926 105
14612 105
15996 105
5927 105
5922 105
14861 106
15382 106
15223 107
15383 107
14626 108
15388 108
14934 109
15392 109
5588 110
5590 110
5594 110
5601 110
14563 110
15394 110
5589 110
5595 110
5596 110
5602 110
5591 110
5593 110
5598 110
5600 110
14562 110
15776 110
5592 110
5599 110
5597 110
5199 111
5201 111
5205 111
5212 111
14524 111
15395 111
5200 111
5206 111
5207 111
5213 111
5214 111
5239 111
14525 111
15632 111
5218 111
5240 111
5202 111
5204 111
5209 111
5211 111
5226 111
5235 111
5241 111
5242 111
5243 111
5244 111
5246 111
5247 111
5248 111
5249 111
5251 111
5253 111
14523 111
15714 111
5203 111
5210 111
5245 111
5252 111
5254 111
14526 111
16005 111
5255 111
5208 111
5232 111
5250 111
10468 112
10470 112
10471 112
10472 112
10473 112
10475 112
10476 112
10477 112
10478 112
10480 112
10482 112
10485 112
10486 112
10487 112
10488 112
10490 112
10491 112
10492 112
10493 112
10495 112
10497 112
10500 112
10501 112
10502 112
10503 112
10505 112
10506 112
10507 112
10508 112
10510 112
10512 112
14918 112
15398 112
4294 112
10469 112
10474 112
10481 112
10489 112
10496 112
10504 112
10511 112
10483 112
14919 112
15431 112
10484 112
10513 112
14921 112
15596 112
10514 112
10498 112
14920 112
15739 112
10499 112
10464 112
10479 112
10494 112
10509 112
14433 113
15400 113
15180 114
15402 114
14618 115
15403 115
12930 116
15099 116
15404 116
4314 116
12931 116
12926 116
14514 117
15407 117
5973 118
5974 118
5975 118
5976 118
5978 118
5979 118
5980 118
5981 118
5983 118
5985 118
14621 118
15418 118
5977 118
5984 118
5986 118
14622 118
15557 118
5987 118
5982 118
10197 119
14897 120
15429 121
10198 122
11182 123
11184 123
11188 123
11195 123
14999 123
15432 123
11183 123
11189 123
11190 123
11196 123
11332 123
11334 123
11338 123
11345 123
15009 123
15442 123
11333 123
11339 123
11340 123
11346 123
11167 123
11168 123
11169 123
11170 123
11172 123
11173 123
11174 123
11175 123
11177 123
11179 123
11185 123
11187 123
11192 123
11194 123
11197 123
11198 123
11199 123
11200 123
11202 123
11203 123
11204 123
11205 123
11207 123
11209 123
11212 123
11213 123
11214 123
11215 123
11217 123
11218 123
11219 123
11220 123
11222 123
11224 123
11242 123
11243 123
11244 123
11245 123
11247 123
11248 123
11249 123
11250 123
11252 123
11254 123
11287 123
11288 123
11289 123
11290 123
11292 123
11293 123
11294 123
11295 123
11297 123
11299 123
11302 123
11303 123
11304 123
11305 123
11307 123
11308 123
11309 123
11310 123
11312 123
11314 123
11317 123
11318 123
11319 123
11320 123
11322 123
11323 123
11324 123
11325 123
11327 123
11329 123
11335 123
11337 123
11342 123
11344 123
14997 123
15470 123
11171 123
11178 123
11186 123
11193 123
11201 123
11208 123
11216 123
11223 123
11246 123
11253 123
11291 123
11298 123
11306 123
11313 123
11321 123
11328 123
11336 123
11343 123
11272 123
11274 123
11278 123
11285 123
15005 123
15522 123
11273 123
11279 123
11280 123
11286 123
11257 123
11259 123
11263 123
11270 123
15004 123
15605 123
11258 123
11264 123
11265 123
11271 123
11210 123
15000 123
15736 123
11211 123
11255 123
11260 123
11262 123
11267 123
11269 123
11275 123
11277 123
11282 123
11284 123
15003 123
15838 123
11256 123
11261 123
11268 123
11276 123
11283 123
11225 123
11227 123
11228 123
11229 123
11230 123
11232 123
11233 123
11234 123
11235 123
11237 123
11239 123
15001 123
15886 123
11226 123
11231 123
11238 123
11330 123
15008 123
15889 123
11331 123
11240 123
15002 123
15894 123
11241 123
11180 123
14998 123
15921 123
11181 123
11300 123
15006 123
15923 123
11301 123
11315 123
15007 123
15945 123
11316 123
11176 123
11191 123
11206 123
11221 123
11236 123
11251 123
11266 123
11281 123
11296 123
11311 123
11326 123
11341 123
5839 124
5840 124
5841 124
5842 124
5844 124
5845 124
5846 124
5847 124
5849 124
5851 124
14598 124
15443 124
5843 124
5850 124
5852 124
14599 124
15499 124
5853 124
5848 124
15146 125
15445 125
15225 126
15447 126
15147 127
15448 127
13003 128
15114 129
15451 130
13004 131
14928 132
15455 132
14956 133
15456 133
14840 134
15458 134
9500 135
9502 135
9506 135
9513 135
14849 135
15461 135
9501 135
9507 135
9508 135
9514 135
9503 135
9505 135
9510 135
9512 135
14848 135
15764 135
9504 135
9511 135
9509 135
14477 136
15462 136
10901 137
10902 137
10903 137
10904 137
10906 137
10907 137
10908 137
10909 137
10911 137
10913 137
14965 137
15464 137
10905 137
10912 137
10914 137
14966 137
15529 137
10915 137
10910 137
13005 138
13006 138
13007 138
13008 138
13010 138
13011 138
13012 138
13013 138
13015 138
13017 138
13020 138
13021 138
13022 138
13023 138
13025 138
13026 138
13027 138
13028 138
13030 138
13032 138
15116 138
15466 138
13009 138
13016 138
13024 138
13031 138
13033 138
15118 138
15474 138
13034 138
13018 138
15117 138
15805 138
13019 138
13014 138
13029 138
15109 139
15467 139
10226 140
14899 141
15471 142
10227 143
14632 144
15472 144
14595 145
15481 145
9217 146
9218 146
9219 146
9221 146
9225 146
9226 146
9227 146
9228 146
9230 146
9232 146
9233 146
9237 146
9241 146
14823 146
15484 146
9220 146
9223 146
9231 146
9234 146
9239 146
9229 146
9242 146
14826 146
15978 146
9235 146
9243 146
9215 146
9222 146
9238 146
14825 146
15992 146
9216 146
9224 146
9240 146
9211 146
9236 146
12960 147
12961 147
12962 147
12963 147
12965 147
12966 147
12967 147
12968 147
12970 147
12972 147
15104 147
15488 147
12964 147
12971 147
12973 147
15105 147
15866 147
12974 147
12969 147
15142 148
15490 148
15119 149
15491 149
14987 150
15492 150
14996 151
15493 151
14911 152
15495 152
15063 153
15502 153
14952 154
15505 154
14596 155
15507 155
15130 156
15512 156
7283 157
7284 157
7285 157
7286 157
7288 157
7289 157
7290 157
7291 157
7293 157
7295 157
7298 157
7299 157
7300 157
7301 157
7303 157
7304 157
7305 157
7306 157
7308 157
7310 157
7313 157
7314 157
7315 157
7316 157
7318 157
7319 157
7320 157
7321 157
7323 157
7325 157
14720 157
15513 157
7287 157
7294 157
7302 157
7309 157
7317 157
7324 157
7311 157
14722 157
15515 157
7312 157
7326 157
14723 157
15709 157
7327 157
7296 157
14721 157
15965 157
7297 157
7292 157
7307 157
7322 157
14951 158
15514 158
4486 159
4487 159
4488 159
4489 159
4491 159
4492 159
4493 159
4495 159
4497 159
14451 159
15527 159
4490 159
4496 159
4498 159
14452 159
15802 159
4499 159
4494 159
14541 160
15530 160
10256 161
10258 161
10259 161
10260 161
10261 161
10263 161
10264 161
10265 161
10267 161
10269 161
10272 161
10273 161
10274 161
10275 161
10277 161
10278 161
10279 161
10281 161
10283 161
14902 161
15532 161
10257 161
10262 161
10268 161
10276 161
10282 161
10284 161
15240 161
15548 161
10285 161
10270 161
15239 161
15925 161
10271 161
10252 161
10266 161
10280 161
8800 162
8802 162
8803 162
8804 162
8805 162
8807 162
8808 162
8809 162
8810 162
8812 162
8814 162
14801 162
15533 162
8801 162
8806 162
8813 162
8815 162
14802 162
15598 162
8816 162
8796 162
8811 162
9707 163
14867 164
15537 165
9708 166
14927 167
15540 167
15102 168
15541 168
8920 169
14809 170
15543 171
8921 172
14551 173
15546 173
6489 174
14661 175
15551 176
6490 177
14463 178
15556 178
9677 179
14860 180
15558 181
9678 182
5184 183
5185 183
5186 183
5187 183
5189 183
5190 183
5191 183
5192 183
5194 183
5196 183
14518 183
15559 183
5188 183
5195 183
5197 183
14519 183
15907 183
5198 183
5193 183
15054 184
15562 184
11035 185
11037 185
11041 185
11048 185
11051 185
11053 185
11055 185
11057 185
11058 185
11059 185
11060 185
11064 185
11065 185
11066 185
11067 185
11068 185
11069 185
11071 185
11075 185
11076 185
14985 185
15563 185
11036 185
11042 185
11043 185
11049 185
11052 185
11056 185
11061 185
11063 185
11072 185
11074 185
11033 185
11038 185
11040 185
11045 185
11047 185
11050 185
11054 185
11062 185
11073 185
14984 185
15795 185
11034 185
11039 185
11046 185
11077 185
14986 185
15994 185
11078 185
11029 185
11044 185
11070 185
10169 186
14895 187
15572 188
10170 189
14865 190
15577 190
14617 191
15578 191
15111 192
15582 192
6356 193
14652 194
15585 195
6357 196
14565 197
15587 197
14634 198
15589 198
5603 199
5604 199
5605 199
5606 199
5608 199
5609 199
5610 199
5611 199
5613 199
5615 199
14567 199
15591 199
5607 199
5614 199
5616 199
14568 199
15835 199
5617 199
5612 199
10798 200
10800 200
10804 200
10811 200
14949 200
15592 200
10799 200
10805 200
10806 200
10812 200
10736 200
10738 200
10739 200
10740 200
10741 200
10743 200
10744 200
10745 200
10746 200
10748 200
10750 200
10753 200
10754 200
10755 200
10756 200
10758 200
10759 200
10760 200
10761 200
10763 200
10765 200
10768 200
10769 200
10770 200
10771 200
10773 200
10774 200
10775 200
10776 200
10778 200
10780 200
10783 200
10784 200
10785 200
10786 200
10788 200
10789 200
10790 200
10791 200
10793 200
10795 200
10801 200
10803 200
10808 200
10810 200
10813 200
10814 200
10815 200
10816 200
10818 200
10819 200
10820 200
10821 200
10823 200
10825 200
14944 200
15623 200
10737 200
10742 200
10749 200
10757 200
10764 200
10772 200
10779 200
10787 200
10794 200
10802 200
10809 200
10817 200
10824 200
10751 200
14945 200
15671 200
10752 200
10766 200
14946 200
15707 200
10767 200
10826 200
14950 200
15757 200
10827 200
10781 200
14947 200
15760 200
10782 200
10796 200
14948 200
16000 200
10797 200
10732 200
10747 200
10762 200
10777 200
10792 200
10807 200
10822 200
15131 201
15594 201
14743 202
15602 202
12270 203
15062 204
15604 205
12271 206
10527 207
14922 208
15607 209
10528 210
6504 211
14662 212
15608 213
6505 214
4702 215
4704 215
4708 215
4715 215
14485 215
15615 215
4703 215
4709 215
4710 215
4716 215
4705 215
4707 215
4712 215
4714 215
4717 215
4718 215
4719 215
4720 215
4722 215
4723 215
4724 215
4725 215
4727 215
4729 215
14484 215
15738 215
4706 215
4713 215
4721 215
4728 215
4730 215
14486 215
15941 215
4731 215
4711 215
4726 215
14628 216
15617 216
15148 217
15620 217
14954 218
15624 218
14474 219
15628 219
14666 220
15631 220
10841 221
14958 222
15633 223
10842 224
14964 225
15634 225
14862 226
15635 226
14600 227
15638 227
9271 228
14828 229
15642 230
9272 231
14533 232
15644 232
11480 233
15017 234
15648 235
11481 236
6175 237
6176 237
6177 237
6181 237
6189 237
6190 237
6191 237
6192 237
6193 237
6194 237
6198 237
6202 237
6206 237
6210 237
6211 237
6212 237
6213 237
6227 237
6235 237
14585 237
15649 237
6178 237
6179 237
6180 237
6185 237
6207 237
6208 237
6209 237
6214 237
6218 237
6222 237
6231 237
6184 237
6197 237
6201 237
6203 237
6204 237
6205 237
6223 237
6224 237
6225 237
6230 237
14607 237
15712 237
6188 237
6217 237
6221 237
6234 237
6195 237
6196 237
6199 237
6200 237
6236 237
14643 237
15841 237
6215 237
6216 237
6219 237
6220 237
6237 237
6182 237
6228 237
14605 237
15879 237
6186 237
6232 237
6183 237
6229 237
14606 237
15914 237
6187 237
6233 237
6226 237
15115 238
15650 238
10211 239
14898 240
15651 241
10212 242
10931 243
10933 243
10937 243
10944 243
14975 243
15653 243
10932 243
10938 243
10939 243
10945 243
10961 243
10963 243
10967 243
10973 243
14977 243
15719 243
10962 243
10968 243
10974 243
10946 243
10948 243
10952 243
10959 243
14976 243
15916 243
10947 243
10953 243
10954 243
10960 243
10934 243
10936 243
10941 243
10943 243
10949 243
10951 243
10956 243
10958 243
10964 243
10966 243
10970 243
10972 243
14974 243
16046 243
10935 243
10942 243
10950 243
10957 243
10965 243
10971 243
10940 243
10955 243
10969 243
14416 244
15657 244
14620 245
15659 245
5958 246
5960 246
5964 246
5971 246
14616 246
15662 246
5959 246
5965 246
5966 246
5972 246
5956 246
5961 246
5963 246
5968 246
5970 246
14615 246
15910 246
5957 246
5962 246
5969 246
5952 246
5967 246
8877 247
8879 247
8883 247
8890 247
14807 247
15665 247
8878 247
8884 247
8885 247
8891 247
8892 247
8894 247
8898 247
8905 247
14808 247
15885 247
8893 247
8899 247
8900 247
8906 247
8875 247
8880 247
8882 247
8887 247
8889 247
8895 247
8897 247
8902 247
8904 247
14806 247
15940 247
8876 247
8881 247
8888 247
8896 247
8903 247
8871 247
8886 247
8901 247
10441 248
10443 248
10447 248
10454 248
14917 248
15666 248
10442 248
10448 248
10449 248
10455 248
10444 248
10446 248
10451 248
10453 248
14916 248
15843 248
10445 248
10452 248
10450 248
14462 249
15673 249
14475 250
15675 250
14453 251
15679 251
14487 252
15680 252
10884 253
14960 254
15684 255
10885 256
14564 257
15685 257
14774 258
15686 258
14415 259
15689 259
14566 260
15691 260
14800 261
15692 261
14768 262
15694 262
14410 263
15705 263
14412 264
15706 264
15060 265
15711 265
15200 266
15715 266
14961 267
15717 267
10587 268
14931 269
15724 270
10588 271
6358 272
6359 272
6360 272
6361 272
6363 272
6364 272
6365 272
6366 272
6368 272
6370 272
14654 272
15725 272
6362 272
6369 272
6371 272
14655 272
15893 272
6372 272
6367 272
14929 273
15727 273
11003 274
14982 275
15733 276
11004 277
14461 278
15735 278
7773 279
7775 279
7779 279
7786 279
14758 279
15740 279
7774 279
7780 279
7781 279
7787 279
7776 279
7778 279
7783 279
7785 279
14757 279
15872 279
7777 279
7784 279
7782 279
14863 280
15742 280
15149 281
15744 281
14573 282
15745 282
14532 283
15748 283
7622 284
7624 284
7628 284
7635 284
14749 284
15750 284
7623 284
7629 284
7630 284
7636 284
7625 284
7627 284
7632 284
7634 284
14748 284
15951 284
7626 284
7633 284
7631 284
14455 285
15752 285
14604 286
15755 286
6281 287
14647 288
15763 289
6282 290
14955 291
15765 291
12078 292
12080 292
12084 292
12091 292
15050 292
15767 292
12079 292
12085 292
12086 292
12092 292
12076 292
12081 292
12083 292
12088 292
12090 292
15049 292
16048 292
4300 292
12077 292
12082 292
12089 292
12072 292
12087 292
14935 293
15772 293
14633 294
15774 294
14969 295
15775 295
15141 296
15783 296
6266 297
14645 298
15785 299
6267 300
14775 301
15788 301
14767 302
15789 302
14681 303
15790 303
6047 304
6049 304
6053 304
6060 304
14637 304
15791 304
6048 304
6054 304
6055 304
6061 304
10589 304
10591 304
10595 304
10602 304
14933 304
15819 304
10590 304
10596 304
10597 304
10603 304
4161 304
4162 304
10592 304
10594 304
10599 304
10601 304
14434 304
15867 304
4163 304
4164 304
10593 304
10600 304
4165 304
4166 304
4167 304
6050 304
6052 304
6057 304
6059 304
14435 304
16042 304
6051 304
6058 304
6056 304
10598 304
14821 305
15794 305
14968 306
15799 306
14841 307
15800 307
14957 308
15806 308
14923 309
15807 309
5988 310
5989 310
5990 310
5991 310
5993 310
5994 310
5995 310
5996 310
5998 310
6000 310
14623 310
15809 310
5992 310
5999 310
6001 310
14624 310
15826 310
6002 310
5997 310
14432 311
15811 311
9752 312
14870 313
15816 314
9753 315
12563 316
12565 316
12566 316
12567 316
12568 316
12570 316
12571 316
12572 316
12573 316
12575 316
12577 316
15082 316
15817 316
12564 316
12569 316
12576 316
12578 316
15083 316
16060 316
12579 316
12559 316
12574 316
14799 317
15824 317
15222 318
15831 318
14456 319
15834 319
9692 320
14864 321
15836 322
9693 323
14414 324
15840 324
14500 325
15846 325
14742 326
15851 326
14597 327
15854 327
14459 328
15860 328
14673 329
15864 329
14536 330
15868 330
15150 331
15869 331
14544 332
15873 332
14963 333
15876 333
14454 334
15878 334
14593 335
15896 335
14457 336
15898 336
14501 337
15900 337
14488 338
15901 338
14930 339
15902 339
15100 340
15904 340
14478 341
15905 341
13304 342
15140 343
15935 344
13305 345
6474 346
14660 347
15938 348
6475 349
14646 350
15939 350
14522 351
15942 351
15229 352
15943 352
11465 353
15016 354
15950 355
11466 356
9185 357
14822 358
15956 359
9186 360
14932 361
15957 361
14777 362
15958 362
14619 363
15959 363
14631 364
15960 364
5461 365
5463 365
5464 365
5470 365
14553 365
15962 365
5462 365
5465 365
5466 365
5471 365
5467 365
5469 365
14552 365
16061 365
5468 365
14744 366
15966 366
10183 367
14896 368
15973 369
10184 370
14569 371
15976 371
14592 372
15990 372
14594 373
15993 373
15151 374
16002 374
14639 375
16004 375
14436 376
16007 376
14973 377
16009 377
7905 378
14776 379
16010 380
7906 381
14539 382
16011 382
14967 383
16021 383
15226 384
16023 384
6251 385
14644 386
16026 387
6252 388
15120 389
16027 389
14981 390
16028 390
14601 391
16033 391
14540 392
16037 392
9408 393
14839 394
16040 395
9409 396
15203 397
16045 397
15224 398
16049 398
11018 399
14983 400
16050 401
11019 402
4684 403
14476 404
16053 405
4685 406
15092 407
16055 407
14588 408
16059 408
6311 409
14649 410
16067 411
6312 412
14458 413
16071 413
14653 414
16075 414
14866 415
16076 415
14465 416
16079 416
14627 417
16080 417
14625 418
16081 418
15124 419
16083 419
14589 420
16084 420
15110 421
16093 421
10929 422
14972 423
16095 424
10930 425
