9 10
9 16
9 36
9 41
9 47
9 60
9 63
9 76
9 85
9 86
9 92
9 99
10 16
10 36
10 41
10 47
10 60
10 63
10 76
10 85
10 86
10 92
10 99
16 36
16 41
16 47
16 60
16 63
16 76
16 85
16 86
16 92
16 99
36 41
36 47
36 60
36 63
36 76
36 85
36 86
36 92
36 99
41 47
41 60
41 63
41 76
41 85
41 86
41 92
41 99
47 60
47 63
47 76
47 85
47 86
47 92
47 99
60 63
60 76
60 85
60 86
60 92
60 99
63 76
63 85
63 86
63 92
63 99
76 85
76 86
76 92
76 99
85 86
85 92
85 99
86 92
86 99
92 99
2 4
2 6
2 9
2 17
2 23
2 26
2 30
2 44
2 49
2 57
2 66
2 73
2 81
2 93
4 6
4 9
4 17
4 23
4 26
4 30
4 44
4 49
4 57
4 66
4 73
4 81
4 93
6 9
6 17
6 23
6 26
6 30
6 44
6 49
6 57
6 66
6 73
6 81
6 93
9 17
9 23
9 26
9 30
9 44
9 49
9 57
9 66
9 73
9 81
9 93
17 23
17 26
17 30
17 44
17 49
17 57
17 66
17 73
17 81
17 93
23 26
23 30
23 44
23 49
23 57
23 66
23 73
23 81
23 93
26 30
26 44
26 49
26 57
26 66
26 73
26 81
26 93
30 44
30 49
30 57
30 66
30 73
30 81
30 93
44 49
44 57
44 66
44 73
44 81
44 93
49 57
49 66
49 73
49 81
49 93
57 66
57 73
57 81
57 93
66 73
66 81
66 93
73 81
73 93
81 93
1 6
1 23
1 32
1 33
1 49
1 59
1 60
1 78
1 79
1 80
1 87
1 89
1 90
1 95
1 96
1 100
6 23
6 32
6 33
6 49
6 59
6 60
6 78
6 79
6 80
6 87
6 89
6 90
6 95
6 96
6 100
23 32
23 33
23 49
23 59
23 60
23 78
23 79
23 80
23 87
23 89
23 90
23 95
23 96
23 100
32 33
32 49
32 59
32 60
32 78
32 79
32 80
32 87
32 89
32 90
32 95
32 96
32 100
33 49
33 59
33 60
33 78
33 79
33 80
33 87
33 89
33 90
33 95
33 96
33 100
49 59
49 60
49 78
49 79
49 80
49 87
49 89
49 90
49 95
49 96
49 100
59 60
59 78
59 79
59 80
59 87
59 89
59 90
59 95
59 96
59 100
60 78
60 79
60 80
60 87
60 89
60 90
60 95
60 96
60 100
78 79
78 80
78 87
78 89
78 90
78 95
78 96
78 100
79 80
79 87
79 89
79 90
79 95
79 96
79 100
80 87
80 89
80 90
80 95
80 96
80 100
87 89
87 90
87 95
87 96
87 100
89 90
89 95
89 96
89 100
90 95
90 96
90 100
95 96
95 100
96 100
5 12
5 22
5 28
5 30
5 31
5 51
5 52
5 59
5 61
5 65
5 67
5 74
5 82
5 93
5 98
12 22
12 28
12 30
12 31
12 51
12 52
12 59
12 61
12 65
12 67
12 74
12 82
12 93
12 98
22 28
22 30
22 31
22 51
22 52
22 59
22 61
22 65
22 67
22 74
22 82
22 93
22 98
28 30
28 31
28 51
28 52
28 59
28 61
28 65
28 67
28 74
28 82
28 93
28 98
30 31
30 51
30 52
30 59
30 61
30 65
30 67
30 74
30 82
30 93
30 98
31 51
31 52
31 59
31 61
31 65
31 67
31 74
31 82
31 93
31 98
51 52
51 59
51 61
51 65
51 67
51 74
51 82
51 93
51 98
52 59
52 61
52 65
52 67
52 74
52 82
52 93
52 98
59 61
59 65
59 67
59 74
59 82
59 93
59 98
61 65
61 67
61 74
61 82
61 93
61 98
65 67
65 74
65 82
65 93
65 98
67 74
67 82
67 93
67 98
74 82
74 93
74 98
82 93
82 98
93 98
19 21
19 45
19 46
19 49
19 53
19 54
19 57
19 64
19 66
19 83
19 85
19 87
19 88
19 99
21 45
21 46
21 49
21 53
21 54
21 57
21 64
21 66
21 83
21 85
21 87
21 88
21 99
45 46
45 49
45 53
45 54
45 57
45 64
45 66
45 83
45 85
45 87
45 88
45 99
46 49
46 53
46 54
46 57
46 64
46 66
46 83
46 85
46 87
46 88
46 99
49 53
49 54
49 57
49 64
49 66
49 83
49 85
49 87
49 88
49 99
53 54
53 57
53 64
53 66
53 83
53 85
53 87
53 88
53 99
54 57
54 64
54 66
54 83
54 85
54 87
54 88
54 99
57 64
57 66
57 83
57 85
57 87
57 88
57 99
64 66
64 83
64 85
64 87
64 88
64 99
66 83
66 85
66 87
66 88
66 99
83 85
83 87
83 88
83 99
85 87
85 88
85 99
87 88
87 99
88 99
3 15
3 17
3 25
3 34
3 43
3 48
3 55
3 56
3 63
3 64
3 67
3 69
3 84
3 85
3 86
3 99
15 17
15 25
15 34
15 43
15 48
15 55
15 56
15 63
15 64
15 67
15 69
15 84
15 85
15 86
15 99
17 25
17 34
17 43
17 48
17 55
17 56
17 63
17 64
17 67
17 69
17 84
17 85
17 86
17 99
25 34
25 43
25 48
25 55
25 56
25 63
25 64
25 67
25 69
25 84
25 85
25 86
25 99
34 43
34 48
34 55
34 56
34 63
34 64
34 67
34 69
34 84
34 85
34 86
34 99
43 48
43 55
43 56
43 63
43 64
43 67
43 69
43 84
43 85
43 86
43 99
48 55
48 56
48 63
48 64
48 67
48 69
48 84
48 85
48 86
48 99
55 56
55 63
55 64
55 67
55 69
55 84
55 85
55 86
55 99
56 63
56 64
56 67
56 69
56 84
56 85
56 86
56 99
63 64
63 67
63 69
63 84
63 85
63 86
63 99
64 67
64 69
64 84
64 85
64 86
64 99
67 69
67 84
67 85
67 86
67 99
69 84
69 85
69 86
69 99
84 85
84 86
84 99
85 86
85 99
86 99
2 4
2 7
2 13
2 19
2 20
2 22
2 27
2 31
2 42
2 44
2 46
2 70
2 72
2 76
2 78
2 92
4 7
4 13
4 19
4 20
4 22
4 27
4 31
4 42
4 44
4 46
4 70
4 72
4 76
4 78
4 92
7 13
7 19
7 20
7 22
7 27
7 31
7 42
7 44
7 46
7 70
7 72
7 76
7 78
7 92
13 19
13 20
13 22
13 27
13 31
13 42
13 44
13 46
13 70
13 72
13 76
13 78
13 92
19 20
19 22
19 27
19 31
19 42
19 44
19 46
19 70
19 72
19 76
19 78
19 92
20 22
20 27
20 31
20 42
20 44
20 46
20 70
20 72
20 76
20 78
20 92
22 27
22 31
22 42
22 44
22 46
22 70
22 72
22 76
22 78
22 92
27 31
27 42
27 44
27 46
27 70
27 72
27 76
27 78
27 92
31 42
31 44
31 46
31 70
31 72
31 76
31 78
31 92
42 44
42 46
42 70
42 72
42 76
42 78
42 92
44 46
44 70
44 72
44 76
44 78
44 92
46 70
46 72
46 76
46 78
46 92
70 72
70 76
70 78
70 92
72 76
72 78
72 92
76 78
76 92
78 92
12 14
12 24
12 25
12 27
12 35
12 37
12 38
12 40
12 47
12 48
12 50
12 58
12 61
12 72
12 79
12 81
12 82
12 84
12 91
12 94
12 96
14 24
14 25
14 27
14 35
14 37
14 38
14 40
14 47
14 48
14 50
14 58
14 61
14 72
14 79
14 81
14 82
14 84
14 91
14 94
14 96
24 25
24 27
24 35
24 37
24 38
24 40
24 47
24 48
24 50
24 58
24 61
24 72
24 79
24 81
24 82
24 84
24 91
24 94
24 96
25 27
25 35
25 37
25 38
25 40
25 47
25 48
25 50
25 58
25 61
25 72
25 79
25 81
25 82
25 84
25 91
25 94
25 96
27 35
27 37
27 38
27 40
27 47
27 48
27 50
27 58
27 61
27 72
27 79
27 81
27 82
27 84
27 91
27 94
27 96
35 37
35 38
35 40
35 47
35 48
35 50
35 58
35 61
35 72
35 79
35 81
35 82
35 84
35 91
35 94
35 96
37 38
37 40
37 47
37 48
37 50
37 58
37 61
37 72
37 79
37 81
37 82
37 84
37 91
37 94
37 96
38 40
38 47
38 48
38 50
38 58
38 61
38 72
38 79
38 81
38 82
38 84
38 91
38 94
38 96
40 47
40 48
40 50
40 58
40 61
40 72
40 79
40 81
40 82
40 84
40 91
40 94
40 96
47 48
47 50
47 58
47 61
47 72
47 79
47 81
47 82
47 84
47 91
47 94
47 96
48 50
48 58
48 61
48 72
48 79
48 81
48 82
48 84
48 91
48 94
48 96
50 58
50 61
50 72
50 79
50 81
50 82
50 84
50 91
50 94
50 96
58 61
58 72
58 79
58 81
58 82
58 84
58 91
58 94
58 96
61 72
61 79
61 81
61 82
61 84
61 91
61 94
61 96
72 79
72 81
72 82
72 84
72 91
72 94
72 96
79 81
79 82
79 84
79 91
79 94
79 96
81 82
81 84
81 91
81 94
81 96
82 84
82 91
82 94
82 96
84 91
84 94
84 96
91 94
91 96
94 96
2 7
2 11
2 16
2 18
2 20
2 29
2 33
2 43
2 47
2 53
2 54
2 55
2 69
2 71
2 73
2 77
2 89
2 90
7 11
7 16
7 18
7 20
7 29
7 33
7 43
7 47
7 53
7 54
7 55
7 69
7 71
7 73
7 77
7 89
7 90
11 16
11 18
11 20
11 29
11 33
11 43
11 47
11 53
11 54
11 55
11 69
11 71
11 73
11 77
11 89
11 90
16 18
16 20
16 29
16 33
16 43
16 47
16 53
16 54
16 55
16 69
16 71
16 73
16 77
16 89
16 90
18 20
18 29
18 33
18 43
18 47
18 53
18 54
18 55
18 69
18 71
18 73
18 77
18 89
18 90
20 29
20 33
20 43
20 47
20 53
20 54
20 55
20 69
20 71
20 73
20 77
20 89
20 90
29 33
29 43
29 47
29 53
29 54
29 55
29 69
29 71
29 73
29 77
29 89
29 90
33 43
33 47
33 53
33 54
33 55
33 69
33 71
33 73
33 77
33 89
33 90
43 47
43 53
43 54
43 55
43 69
43 71
43 73
43 77
43 89
43 90
47 53
47 54
47 55
47 69
47 71
47 73
47 77
47 89
47 90
53 54
53 55
53 69
53 71
53 73
53 77
53 89
53 90
54 55
54 69
54 71
54 73
54 77
54 89
54 90
55 69
55 71
55 73
55 77
55 89
55 90
69 71
69 73
69 77
69 89
69 90
71 73
71 77
71 89
71 90
73 77
73 89
73 90
77 89
77 90
89 90
10 20
10 27
10 37
10 42
10 48
10 56
10 58
10 62
10 68
10 75
10 87
10 88
10 95
10 97
10 98
20 27
20 37
20 42
20 48
20 56
20 58
20 62
20 68
20 75
20 87
20 88
20 95
20 97
20 98
27 37
27 42
27 48
27 56
27 58
27 62
27 68
27 75
27 87
27 88
27 95
27 97
27 98
37 42
37 48
37 56
37 58
37 62
37 68
37 75
37 87
37 88
37 95
37 97
37 98
42 48
42 56
42 58
42 62
42 68
42 75
42 87
42 88
42 95
42 97
42 98
48 56
48 58
48 62
48 68
48 75
48 87
48 88
48 95
48 97
48 98
56 58
56 62
56 68
56 75
56 87
56 88
56 95
56 97
56 98
58 62
58 68
58 75
58 87
58 88
58 95
58 97
58 98
62 68
62 75
62 87
62 88
62 95
62 97
62 98
68 75
68 87
68 88
68 95
68 97
68 98
75 87
75 88
75 95
75 97
75 98
87 88
87 95
87 97
87 98
88 95
88 97
88 98
95 97
95 98
97 98
39 41
39 76
39 92
41 76
41 92
76 92
17 26
17 54
17 73
26 54
26 73
54 73
1 32
1 78
1 79
1 80
1 84
1 89
1 90
1 95
1 96
1 100
32 78
32 79
32 80
32 84
32 89
32 90
32 95
32 96
32 100
78 79
78 80
78 84
78 89
78 90
78 95
78 96
78 100
79 80
79 84
79 89
79 90
79 95
79 96
79 100
80 84
80 89
80 90
80 95
80 96
80 100
84 89
84 90
84 95
84 96
84 100
89 90
89 95
89 96
89 100
90 95
90 96
90 100
95 96
95 100
96 100
5 8
5 30
5 31
5 74
5 82
5 98
8 30
8 31
8 74
8 82
8 98
30 31
30 74
30 82
30 98
31 74
31 82
31 98
74 82
74 98
82 98
21 45
21 50
21 57
21 58
21 66
21 83
21 94
45 50
45 57
45 58
45 66
45 83
45 94
50 57
50 58
50 66
50 83
50 94
57 58
57 66
57 83
57 94
58 66
58 83
58 94
66 83
66 94
83 94
3 15
3 43
3 67
15 43
15 67
43 67
4 13
4 42
4 44
4 51
4 53
4 64
4 70
13 42
13 44
13 51
13 53
13 64
13 70
42 44
42 51
42 53
42 64
42 70
44 51
44 53
44 64
44 70
51 53
51 64
51 70
53 64
53 70
64 70
6 14
6 36
6 37
6 38
6 40
6 62
6 81
6 91
14 36
14 37
14 38
14 40
14 62
14 81
14 91
36 37
36 38
36 40
36 62
36 81
36 91
37 38
37 40
37 62
37 81
37 91
38 40
38 62
38 81
38 91
40 62
40 81
40 91
62 81
62 91
81 91
16 18
16 29
16 52
16 65
16 69
16 71
16 77
18 29
18 52
18 65
18 69
18 71
18 77
29 52
29 65
29 69
29 71
29 77
52 65
52 69
52 71
52 77
65 69
65 71
65 77
69 71
69 77
71 77
35 68
35 75
35 86
68 75
68 86
75 86
