1 3 0.000087 1.004010
1 327 0.009503 43819466752.000000
1 2585 0.075196 12909948174336.000000
1 4 0.000116 2.016073
1 501 0.014575 3942020808704.000000
1 1 0.000029 1.014106
1 4 0.000118 1.015121
1 14 0.000416 88.630142
1 248 0.007376 196479840.000000
1 1333 0.039645 2911329320960.000000
1 1488 0.044257 1366383656960.000000
1 1152 0.034584 5383885160448.000000
1 428 0.013031 60874493952.000000
1 1 0.000031 1.029440
1 1 0.000031 1.030470
1 1 0.000031 1.031502
1 3741 0.114554 19423765200896.000000
1 1648 0.050478 5491535118336.000000
1 2278 0.069781 14118464520192.000000
1 33 0.001011 427723040.000000
1 543 0.016636 201225895936.000000
2 975 0.029971 2152791670784.000000
2 2554 0.078510 13062208749568.000000
2 1614 0.049616 5276602204160.000000
1 2019 0.062123 10154705682432.000000
2 10 0.000308 43914952.000000
2 316 0.009724 665626148864.000000
2 1690 0.052006 6955181539328.000000
2 2489 0.076601 14175695798272.000000
2 2 0.000062 1.048147
2 793 0.024410 4719396257792.000000
2 64 0.001970 36314.082031
1 539 0.016593 249879642112.000000
2 1209 0.037219 6863220375552.000000
2 812 0.024998 4048830332928.000000
2 1380 0.042503 6661706612736.000000
1 711 0.021913 4689862590464.000000
1 2217 0.068346 1951067799552.000000
1 692 0.021336 3632217980928.000000
1 3 0.000093 1.100812
2 1 0.000031 2.211559
2 1 0.000031 2.214881
2 1 0.000031 2.215989
2 1 0.000031 2.221542
1 1 0.000031 2.220427
2 1 0.000031 2.223763
2 1 0.000031 2.224875
2 1 0.000031 2.247348
1 262 0.008131 1928815837184.000000
1 109 0.003386 297844637696.000000
1 376 0.011683 2229597896704.000000
1 423 0.013144 1276694888448.000000
1 15 0.000466 3970633984.000000
1 1 0.000031 2.240511
1 1 0.000031 2.250639
1 266 0.008271 1519389638656.000000
1 16 0.000497 146099716096.000000
1 1 0.000031 2.249496
1 1 0.000031 2.255134
1 667 0.020741 2666106191872.000000
2 1 0.000031 2.257388
1 1 0.000031 2.258516
2 1 0.000031 2.264177
1 1 0.000031 2.263040
2 1 0.000031 2.266440
2 1 0.000031 2.267573
2 1 0.000031 2.307958
1 312 0.009705 1067534909440.000000
1 241 0.007499 1522848366592.000000
1 1112 0.034609 5455481929728.000000
1 59 0.001837 73380945920.000000
1 1 0.000031 2.281226
1 6 0.000187 8.110673
2 1 0.000031 2.285795
2 2 0.000062 2.294975
1 894 0.027830 4592207659008.000000
1 34 0.001058 22397798400.000000
1 44 0.001370 158120558592.000000
2 1 0.000031 2.297259
2 1 0.000031 2.300710
1 385 0.011987 3068515319808.000000
2 1 0.000031 2.313427
1 2 0.000062 772804.625000
1 286 0.008906 1035582046208.000000
1 13 0.000405 3005675264.000000
1 12 0.000374 1030346560.000000
1 1 0.000031 2.315720
2 1 0.000031 2.320361
1 103 0.003208 636406726656.000000
2 1 0.000031 2.322681
2 1 0.000031 2.335526
1 1 0.000031 2.330833
2 1 0.000031 2.329663
2 1 0.000031 2.331995
2 1 0.000031 2.334329
2 1 0.000031 2.341353
2 1 0.000031 2.342522
1 1 0.000031 2.341346
1 1 0.000031 2.343690
2 1 0.000031 2.346036
2 1 0.000031 1.173605
1 1 0.000031 2.350735
1 1 0.000031 2.354267
1 1 0.000031 2.355444
1 1 0.000031 1.178311
1 1 0.000031 2.360162
1 1 0.000031 2.363707
1 1 0.000031 2.364889
1 1 0.000031 1.183036
1 1 0.000031 2.369626
1 1 0.000031 2.371998
1 1 0.000031 1.186592
1 1 0.000031 2.376749
1 1 0.000031 1.188969
1 429 0.013386 1972151648256.000000
1 263 0.008215 1582088454144.000000
1 75 0.002343 518267731968.000000
1 432 0.013508 3621959499776.000000
1 954 0.029836 4243922092032.000000
1 55 0.001722 348195520512.000000
1 59 0.001849 462181203968.000000
1 66 0.002068 707365830656.000000
1 125 0.003918 309114765312.000000
1 62 0.001944 125130162176.000000
1 248 0.007778 712715665408.000000
1 495 0.015524 3244860637184.000000
1 161 0.005051 968175124480.000000
1 94 0.002952 112645226496.000000
1 91 0.002858 184239800320.000000
1 158 0.004962 509366173696.000000
1 1 0.000031 2.423579
1 70 0.002198 387174334464.000000
1 60 0.001885 194603483136.000000
1 2 0.000063 3.643860
1 1 0.000031 2.429644
1 1 0.000031 2.434513
1 1 0.000031 2.435729
1 1 0.000031 2.436947
1 1 0.000031 1.219083
1 181 0.005686 2067327352832.000000
1 1 0.000031 2.444273
1 1 0.000031 2.447945
1 1 0.000031 2.449169
1 1 0.000031 2.455307
1 1 0.000031 2.454074
1 1 0.000031 2.457761
1 1 0.000031 2.458990
1 1 0.000031 2.462684
1 1 0.000031 2.463915
1 1 0.000031 1.232574
1 1 0.000031 2.470087
1 66 0.002074 500146798592.000000
1 23 0.000723 128651936.000000
1 2 0.000063 2.476272
1 209 0.006569 746666524672.000000
1 175 0.005500 1269695512576.000000
1 420 0.013203 2770518147072.000000
1 3 0.000094 3.792088
1 8 0.000252 2.517671
1 252 0.007926 2147144826880.000000
1 302 0.009503 1593261293568.000000
1 379 0.011925 1176391385088.000000
1 342 0.010764 970939760640.000000
1 257 0.008097 1347322118144.000000
1 11 0.000347 7367432192.000000
1 483 0.015217 3010895282176.000000
1 862 0.027162 3512840749056.000000
1 4 0.000126 2.518765
1 8 0.000252 59304050688.000000
1 1 0.000032 2.517491
1 11 0.000347 386742321152.000000
1 2 0.000063 1.260005
1 2 0.000063 1.261266
1 377 0.011897 1550076215296.000000
1 409 0.012908 1277923033088.000000
1 309 0.009752 1629868523520.000000
1 487 0.015376 2285803929600.000000
1 1 0.000032 1.267591
1 564 0.017819 4705092108288.000000
1 300 0.009478 619739283456.000000
1 21 0.000664 166630998016.000000
1 7 0.000221 76263899136.000000
1 1 0.000032 2.554286
1 24 0.000759 175540436992.000000
1 3 0.000095 58896.449219
1 15 0.000474 1292478592.000000
1 1 0.000032 2.559394
1 1 0.000032 2.561956
1 1 0.000032 1.281619
1 2 0.000063 429548.218750
1 14 0.000443 3794945280.000000
1 40 0.001266 231578091520.000000
1 461 0.014604 2555012972544.000000
1 326 0.010330 1359434743808.000000
1 490 0.015526 2850426454016.000000
1 187 0.005928 1207846436864.000000
1 125 0.003965 502686973952.000000
1 312 0.009898 2585698500608.000000
1 185 0.005869 769709441024.000000
1 716 0.022723 4265863544832.000000
1 352 0.011171 2374135971840.000000
1 451 0.014324 3448432754688.000000
1 452 0.014364 4442857406464.000000
1 310 0.009860 2378307731456.000000
1 50 0.001593 307239780352.000000
1 42 0.001338 106230947840.000000
1 538 0.017142 3891360169984.000000
1 471 0.015032 3858347851776.000000
1 430 0.013724 3388488024064.000000
1 475 0.015174 2272634077184.000000
1 223 0.007126 1546169483264.000000
1 509 0.016276 2502660718592.000000
1 163 0.005212 962244837376.000000
1 388 0.012410 1332329971712.000000
1 188 0.006014 557530415104.000000
1 311 0.009963 1542832128000.000000
1 222 0.007112 1246815846400.000000
1 212 0.006798 346238746624.000000
1 306 0.009813 2009113952256.000000
1 242 0.007767 488069529600.000000
1 17 0.000546 22732668928.000000
1 446 0.014314 887901192192.000000
1 419 0.013489 3208812167168.000000
1 551 0.017738 2154252992512.000000
1 399 0.012846 2032905093120.000000
1 47 0.001516 120322695168.000000
1 35 0.001129 474748608.000000
1 76 0.002451 316866265088.000000
1 22 0.000710 192974946304.000000
1 21 0.000677 205611368448.000000
1 1 0.000032 2.675920
1 210 0.006775 905423355904.000000
1 8 0.000258 16013546496.000000
1 258 0.008324 2370176024576.000000
1 76 0.002452 339034832896.000000
1 23 0.000742 5155179008.000000
1 236 0.007620 21730553856.000000
1 1610 0.051982 3974444875776.000000
1 165 0.005327 629646295040.000000
1 538 0.017372 2116394811392.000000
1 311 0.010043 1005671612416.000000
1 345 0.011141 2258269372416.000000
1 71 0.002293 682813685760.000000
1 63 0.002036 139307991040.000000
1 666 0.021526 2913033519104.000000
1 503 0.016261 596957462528.000000
1 1 0.000032 2.828712
1 1604 0.051877 9396119666688.000000
1 1355 0.043853 87074029568.000000
2 220 0.007123 203796332544.000000
2 700 0.022668 879276064768.000000
3 1 0.000032 2.911986
3 1 0.000032 2.917818
3 1 0.000032 2.947158
3 1 0.000032 2.953061
2 5 0.000162 22.436827
2 28 0.000908 627.568726
2 331 0.010740 1535829999616.000000
1 21 0.000682 76117925888.000000
1 4 0.000130 641.354187
1 3 0.000097 6.232976
1 1 0.000032 1.545299
1 16 0.000519 986.773560
1 350 0.011362 2026964385792.000000
2 29 0.000942 428.280487
1 1 0.000033 1.578110
2 197 0.006403 892810297344.000000
2 1081 0.035135 4662477979648.000000
2 861 0.027989 91803099136.000000
2 3 0.000098 24.626961
2 1067 0.034692 3489460387840.000000
2 5458 0.178267 30568232255488.000000
2 2224 0.072639 10876661792768.000000
1 3526 0.115660 17001228533760.000000
1 5409 0.177426 30608948461568.000000
2 1030 0.033922 4394069000192.000000
2 1709 0.056284 6497995063296.000000
2 1126 0.037085 5167623700480.000000
1 947 0.031189 4825903792128.000000
2 1 0.000033 3.344793
2 1 0.000033 3.392258
1 31 0.001023 22718695424.000000
2 2 0.000066 3.533575
2 1 0.000033 3.553506
2 2 0.000066 3.558844
1 62 0.002049 1515442274304.000000
2 1 0.000033 3.610903
2 1 0.000033 3.618081
2 1 0.000033 3.807796
2 1 0.000033 3.915681
2 1 0.000033 3.957106
2 1 0.000033 3.970914
2 5 0.000166 517.006836
1 970 0.032190 6665383968768.000000
1 244 0.008104 150465970176.000000
1 146 0.004849 135658749952.000000
1 80 0.002657 158547410944.000000
1 680 0.022594 2147843964928.000000
1 191 0.006350 1782590078976.000000
1 202 0.006720 755002638336.000000
1 180 0.005988 772174315520.000000
2 60 0.001999 638454857728.000000
2 3 0.000100 6.811592
2 2 0.000067 15477.014648
2 15 0.000500 65725181952.000000
2 5442 0.181327 30570688020480.000000
2 212 0.007064 2120816394240.000000
2 422 0.014068 2702911995904.000000
2 10 0.000333 52085992.000000
2 48 0.001600 49111228416.000000
2 204 0.006802 1003995332608.000000
2 8 0.000267 31.530510
1 2203 0.073455 8589664583680.000000
2 794 0.026482 4075250778112.000000
2 1 0.000033 2.255579
1 2055 0.068594 14779204763648.000000
1 131 0.004374 309973942272.000000
1 1 0.000033 4.533784
1 90 0.003005 436858486784.000000
1 1000 0.033390 3339590041600.000000
1 864 0.028849 5983457771520.000000
1 1 0.000033 4.549686
1 40 0.001336 326432456704.000000
1 333 0.011129 2204942729216.000000
1 108 0.003610 342706487296.000000
1 20 0.000668 93571276800.000000
1 691 0.023096 3477018771456.000000
2 1 0.000033 4.639330
1 1 0.000033 4.667292
2 1 0.000033 4.676612
1 1 0.000033 4.700078
1 106 0.003546 533848129536.000000
1 2 0.000067 7.168053
1 526 0.017594 2580752629760.000000
1 114 0.003813 507343863808.000000
1 711 0.023782 2404522393600.000000
1 4 0.000134 7.183565
1 778 0.026026 3726526382080.000000
1 880 0.029441 3398479118336.000000
2 1 0.000033 4.742579
1 1 0.000033 4.771163
2 1 0.000033 4.780691
1 1 0.000033 4.824041
2 1 0.000033 4.809475
1 1 0.000033 4.838462
2 1 0.000033 4.848125
1 1 0.000033 4.894553
1 1 0.000033 4.896984
2 1 0.000033 4.882198
1 1 0.000033 4.911623
2 1 0.000033 4.921432
1 1 0.000034 5.107507
1 1 0.000034 4.938686
1 4 0.000134 10.468815
1 241 0.008079 901736038400.000000
2 1 0.000034 5.015881
1 1 0.000034 5.046112
2 1 0.000034 5.056189
1 1 0.000034 5.086663
2 1 0.000034 5.096821
1 1 0.000034 5.114690
1 3 0.000101 10.830683
2 1 0.000034 5.148070
1 1 0.000034 5.221053
2 1 0.000034 5.189441
1 1 0.000034 5.220718
2 1 0.000034 5.231144
1 1 0.000034 5.262672
2 1 0.000034 5.273182
1 684 0.022972 3952175218688.000000
2 1 0.000034 5.320879
1 1 0.000034 5.396311
2 1 0.000034 5.363638
1 1 0.000034 5.395966
2 1 0.000034 5.406741
1 1 0.000034 5.439328
2 1 0.000034 5.450190
1 1 0.000034 5.549932
2 1 0.000034 5.493989
1 1 0.000034 5.571875
2 1 0.000034 5.538139
1 1 0.000034 5.571518
2 1 0.000034 5.582644
1 1 0.000034 5.616291
2 1 0.000034 5.627507
1 1 0.000034 5.831224
2 1 0.000034 5.672730
1 1 0.000034 5.758981
2 1 0.000034 5.712590
2 1 0.000034 5.729771
1 1 0.000034 5.764305
1 1 0.000034 5.784480
1 1 0.000034 5.810627
1 1 0.000034 5.830964
1 1 0.000034 5.928781
1 1 0.000034 5.877823
1 1 0.000034 5.952222
1 1 0.000034 5.925058
1 1 0.000034 5.951841
1 1 0.000034 5.972672
1 1 0.000034 5.999671
1 1 0.000034 6.020669
1 2 0.000067 6.093725
1 919 0.031006 5589122940928.000000
1 1 0.000034 6.044812
1 600 0.020249 2787499573248.000000
1 1 0.000034 6.093389
1 1 0.000034 6.099489
1 1 0.000034 6.130139
1 1 0.000034 6.148505
1 1 0.000034 6.154660
1 4 0.000135 6136823.500000
1 1 0.000034 6.166987
1 718 0.024247 3562531979264.000000
1 6 0.000203 6600776.500000
1 1 0.000034 6.222769
1 1 0.000034 6.257183
1 611 0.020644 4487315456000.000000
1 6 0.000203 10594056.000000
1 1 0.000034 6.285340
1 1 0.000034 6.326461
1 5 0.000169 2707166.500000
1 1 0.000034 6.342192
1 1 0.000034 6.348540
1 1 0.000034 6.358078
1 2 0.000068 9.794883
1 1 0.000034 6.474551
1 1 0.000034 6.412376
1 1 0.000034 6.418795
1 1 0.000034 6.451050
1 1 0.000034 6.470377
1 1 0.000034 6.476854
1 1 0.000034 6.532379
1 1 0.000034 6.528903
1 1 0.000034 6.558416
1 1 0.000034 6.581370
1 1 0.000034 6.805886
1 1 0.000034 6.634259
1 1 0.000034 6.664248
1 1 0.000034 6.687572
1 1 0.000034 6.694267
1 1 0.000034 6.755061
1 1 0.000034 6.748063
1 1 0.000034 6.778566
1 1 0.000034 6.802291
1 1 0.000034 6.809100
1 1 0.000034 6.919808
1 1 0.000034 6.863819
1 1 0.000034 6.894845
1 1 0.000034 6.918977
1 1 0.000034 6.974774
1 1 0.000034 6.967605
1 1 0.000034 7.023597
1 1 0.000034 7.062408
1 1 0.000034 7.087127
1 2 0.000068 463953.812500
1 1 0.000034 7.144080
1 1 0.000034 7.176373
1 1 0.000034 7.201490
1 1 0.000034 7.208699
1 1 0.000034 3.606153
2 1 0.000034 7.262997
2 5 0.000170 18.373718
1 1000 0.033967 5243048820736.000000
2 1 0.000034 7.336029
2 1 0.000034 7.376579
1 305 0.010367 69451849728.000000
2 1 0.000034 7.432097
1 2 0.000068 10594044.000000
1 100 0.003425 460968427520.000000
1 179 0.006136 887114694656.000000
1 233 0.007988 846375026688.000000
1 45 0.001543 79514624000.000000
1 291 0.009976 1423315304448.000000
1 2 0.000069 265474.531250
1 3 0.000103 354306.843750
1 1 0.000034 7.578486
1 3 0.000103 279651.343750
1 3 0.000103 6089185.500000
1 13 0.000446 312092160.000000
1 1 0.000034 7.608876
1 5 0.000172 357773.187500
1 268 0.009199 1061307351040.000000
1 285 0.009783 476871360512.000000
1 1 0.000034 3.817783
1 646 0.022210 4396577456128.000000
1 127 0.004367 533885124608.000000
1 438 0.015059 1852524068864.000000
2 2 0.000069 11.861764
2 143 0.004926 1411518169088.000000
2 628 0.021646 354826354688.000000
2 208 0.007169 62679.093750
2 742 0.025579 2017344880640.000000
1 456 0.015723 571929395200.000000
1 83 0.002862 195092676608.000000
2 1 0.000034 8.063475
2 380 0.013103 1764759961600.000000
1 65 0.002242 15198061568.000000
2 1 0.000034 8.152707
2 1580 0.054505 8932977278976.000000
2 107 0.003692 313263489024.000000
2 211 0.007281 1509963202560.000000
2 768 0.026508 2220937183232.000000
2 661 0.022820 2752708870144.000000
2 413 0.014264 3677953982464.000000
2 502 0.017340 2835895287808.000000
2 2526 0.087269 17627044904960.000000
1 2288 0.079049 11129383288832.000000
2 1000 0.034560 7461748604928.000000
2 30 0.001037 247781720064.000000
1 2337 0.080890 196005806080.000000
3 1 0.000035 9.155988
3 1 0.000035 9.257311
2 4 0.000139 25.048090
2 9 0.000312 152.773834
2 950 0.032946 4903353188352.000000
2 259 0.008982 1217648787456.000000
3 1 0.000035 9.482287
2 689 0.023899 1912301551616.000000
3 1 0.000035 9.510792
3 1 0.000035 9.539381
3 1 0.000035 9.558488
3 1 0.000035 9.587221
3 1 0.000035 9.601624
2 15 0.000520 46088724480.000000
1 693 0.024048 1705487761408.000000
3 1 0.000035 9.635302
2 112 0.003887 582.363464
3 1 0.000035 9.664265
3 1 0.000035 9.683622
3 1 0.000035 9.703019
3 1 0.000035 9.722454
3 1 0.000035 9.741928
2 1 0.000035 9.771213
1 5 0.000174 26992.599609
1 4 0.000139 25554888.000000
3 1 0.000035 9.810395
1 1 0.000035 9.830046
1 2 0.000070 14.786945
2 1 0.000035 9.849735
3 1 0.000035 9.859595
1 2 0.000070 25.009434
1 33 0.001147 137286868992.000000
1 85 0.002955 585436626944.000000
1 759 0.026390 2537054273536.000000
1 805 0.027991 1153759707136.000000
1 106 0.003687 1073477386240.000000
1 655 0.022781 3346824429568.000000
1 99 0.003443 824210292736.000000
1 524 0.018227 2155552833536.000000
1 8 0.000278 548829.375000
1 74 0.002574 211452231680.000000
1 754 0.026234 2752886341632.000000
1 1012 0.035216 4916274790400.000000
1 717 0.024952 1735380172800.000000
1 135 0.004699 290358820864.000000
1 555 0.019318 2797250805760.000000
3 1 0.000035 10.058872
1 9 0.000313 176.048187
1 378 0.013163 1823198674944.000000
3 1 0.000035 10.154940
3 1 0.000035 10.160017
3 1 0.000035 10.180377
3 1 0.000035 10.185465
3 1 0.000035 10.190557
3 1 0.000035 10.226309
3 1 0.000035 10.231422
3 1 0.000035 10.267317
3 1 0.000035 10.272450
3 1 0.000035 10.298181
3 1 0.000035 10.303329
3 1 0.000035 10.329137
3 1 0.000035 10.334302
3 1 0.000035 10.360187
3 1 0.000035 10.365366
3 1 0.000035 10.391329
3 1 0.000035 10.396524
3 1 0.000035 10.422565
3 1 0.000035 10.427777
3 1 0.000035 10.453896
3 1 0.000035 10.459123
3 1 0.000035 10.485320
3 1 0.000035 10.490563
3 1 0.000035 10.516839
3 1 0.000035 10.522098
3 1 0.000035 10.548453
3 1 0.000035 10.553727
3 1 0.000035 10.580162
3 1 0.000035 10.585452
1 456 0.015906 2703936454656.000000
3 1 0.000035 10.633222
3 1 0.000035 10.638538
1 70 0.002443 364768264192.000000
1 2 0.000070 16.208382
1 2 0.000070 16.372736
3 1 0.000035 10.740141
3 1 0.000035 10.745511
3 1 0.000035 10.772426
3 1 0.000035 10.777812
3 1 0.000035 10.804808
3 1 0.000035 10.810210
3 1 0.000035 10.837288
3 1 0.000035 10.842707
3 1 0.000035 10.869864
3 1 0.000035 10.875299
3 1 0.000035 10.902539
3 1 0.000035 10.907991
3 1 0.000035 10.935312
3 1 0.000035 10.940781
1 1 0.000035 10.973668
1 1 0.000035 11.023234
2 1 0.000035 11.012167
2 1 0.000035 11.017673
2 1 0.000035 11.045270
2 1 0.000035 11.050793
3 1 0.000035 11.089561
3 1 0.000035 11.095106
3 2 0.000070 11.111773
1 2 0.000070 16.695494
1 1 0.000035 11.139598
1 1 0.000035 11.150748
1 2 0.000070 11.217956
1 1 0.000035 11.223550
2 1 0.000035 11.217899
2 26 0.000909 12127279104.000000
1 66 0.002308 455760904192.000000
2 1 0.000035 11.251609
1 1 0.000035 11.319468
2 1 0.000035 11.816958
2 3 0.000106 86.148079
1 4 0.000141 40.388012
1 79 0.002780 907143938048.000000
2 1 0.000035 12.287164
1 8 0.000282 7477956096.000000
1 51 0.001795 106053091328.000000
2 1 0.000035 12.336436
3 6 0.000211 11396051968.000000
2 1 0.000035 12.398304
2 1 0.000035 12.423138
3 1 0.000035 12.435573
2 1 0.000035 12.460482
2 2 0.000070 12.485440
1 48 0.001690 277073854464.000000
2 1 0.000035 12.598372
2 1 0.000035 12.712327
2 1 0.000035 12.776080
2 1 0.000035 12.853005
3 2 0.000070 12.872313
2 1 0.000035 12.878750
2 1 0.000035 12.904546
3 2 0.000071 5573128704.000000
3 1 0.000035 12.936869
1 62 0.002186 53211742208.000000
1 10 0.000353 7271478784.000000
1 54 0.001904 173029326848.000000
1 31 0.001093 64391655424.000000
1 29 0.001023 10701757440.000000
2 1 0.000035 13.112784
2 2 0.000071 13.139050
2 3 0.000106 13.165367
1 612 0.021628 3408868933632.000000
1 11 0.000389 5512320.000000
1 598 0.021134 2030860894208.000000
1 959 0.033893 1925710348288.000000
1 978 0.034569 4911979298816.000000
1 138 0.004878 134569000960.000000
1 800 0.028291 3086553972736.000000
1 40 0.001415 5866067.500000
1 3 0.000106 1096859.250000
1 1051 0.037181 5582222786560.000000
1 822 0.029129 3693989330944.000000
1 871 0.030872 4812739444736.000000
1 7 0.000248 3351643.750000
1 447 0.015845 1733295341568.000000
1 340 0.012058 1978722287616.000000
1 11 0.000390 91990999040.000000
1 64 0.002271 694062940160.000000
1 201 0.007133 246151348224.000000
1 87 0.003089 573532012544.000000
1 3 0.000107 4462355.000000
2 65 0.002309 559208660992.000000
2 51 0.001812 121478004736.000000
1 8 0.000286 8132568064.000000
1 5 0.000179 411.306458
1 462 0.016549 2678804185088.000000
1 186 0.006663 384846757888.000000
1 17 0.000609 3715433472.000000
1 4401 0.157668 20458334322688.000000
1 114 0.004084 11975183.000000
1 6 0.000215 34.052605
1 11 0.000395 264.757355
1 774 0.027760 331562287104.000000
1 293 0.010511 374720626688.000000
2 80 0.002872 1049365504.000000
1 2335 0.083845 15327472648192.000000
1 581 0.020871 1647950299136.000000
2 38 0.001366 171882592.000000
2 334 0.012015 11708781568.000000
2 1 0.000036 18.224236
2 1 0.000036 18.260738
2 1364 0.049079 11076646207488.000000
1 777 0.027962 4587465998336.000000
2 1 0.000036 18.379913
2 1 0.000036 18.509285
1 692 0.024910 2586073890816.000000
1 667 0.024014 3614519853056.000000
1 413 0.014870 1666847866880.000000
3 1 0.000036 9.300938
2 76 0.002737 24087394304.000000
2 1401 0.050459 177373380608.000000
1 515 0.018553 2043768733696.000000
2 969 0.034914 1120983711744.000000
1 19 0.000685 406.939697
1 578 0.020834 1070848212992.000000
1 1174 0.042317 3715205169152.000000
1 402 0.014491 1272609505280.000000
1 931 0.033560 3837373448192.000000
1 552 0.019900 1858026471424.000000
1 812 0.029273 2443925258240.000000
1 632 0.022785 4337501732864.000000
1 507 0.018279 1673117827072.000000
1 114 0.004110 290363015168.000000
1 580 0.020913 3317719367680.000000
1 51 0.001840 545711226880.000000
1 26 0.000938 11923245.000000
1 195 0.007034 1300967194624.000000
1 20 0.000721 154794426368.000000
1 1 0.000036 9.778051
1 818 0.029655 4261670027264.000000
1 6 0.000218 9.797637
1 671 0.024368 3332599971840.000000
1 676 0.024552 4685533020160.000000
1 260 0.009459 807123877888.000000
1 203 0.007387 1670353387520.000000
1 1 0.000036 9.876372
1 18 0.000655 201.831390
1 837 0.030497 3030860955648.000000
1 1447 0.052724 6518588047360.000000
2 60 0.002188 630605676544.000000
2 5 0.000182 430.016235
2 638 0.023263 3004387819520.000000
1 2023 0.073816 10353612161024.000000
2 544 0.019872 5678803451904.000000
2 5 0.000183 67.291870
3 1 0.000037 21.668051
3 1 0.000037 21.700602
3 1 0.000037 21.711451
3 1 0.000037 21.754940
3 1 0.000037 21.787622
3 1 0.000037 21.798515
3 1 0.000037 21.842178
3 1 0.000037 21.885927
3 1 0.000037 21.929766
3 1 0.000037 21.973690
3 1 0.000037 22.017704
3 1 0.000037 22.061806
3 1 0.000037 22.105995
3 1 0.000037 22.150274
3 1 0.000037 22.194641
3 1 0.000037 22.239098
3 1 0.000037 22.283642
3 1 0.000037 22.328276
3 1 0.000037 22.395395
3 1 0.000037 22.462715
3 1 0.000037 22.530239
3 1 0.000037 22.597965
3 1 0.000037 22.643229
3 1 0.000037 22.688583
3 1 0.000037 22.734030
3 1 0.000037 22.779566
3 1 0.000037 22.825193
2 49 0.001796 121478004736.000000
2 31 0.001136 618464542720.000000
2 31 0.001136 6829907456.000000
1 820 0.030058 6478143946752.000000
2 895 0.032818 5603553443840.000000
3 1 0.000037 23.733425
3 1 0.000037 23.780962
3 1 0.000037 23.852449
3 1 0.000037 23.900225
2 3422 0.125726 16127073714176.000000
3 1 0.000037 25.151396
3 1 0.000037 25.201775
3 1 0.000037 25.252253
3 1 0.000037 25.302834
3 1 0.000037 25.353516
3 1 0.000037 25.404299
3 1 0.000037 25.455183
3 1 0.000037 25.506170
3 1 0.000037 25.557259
3 1 0.000037 25.608450
3 1 0.000037 25.659744
3 1 0.000037 25.711142
3 1 0.000037 25.762640
3 1 0.000037 25.814243
3 1 0.000037 25.865950
3 1 0.000037 25.917759
3 1 0.000037 25.969671
3 1 0.000037 26.021690
3 1 0.000037 26.073811
3 1 0.000037 26.126038
3 1 0.000037 26.178368
3 1 0.000037 26.230804
3 1 0.000037 26.283344
3 1 0.000037 26.335989
1 60 0.002212 399561981952.000000
1 538 0.019832 1524413759488.000000
1 378 0.013934 2276042997760.000000
1 626 0.023077 1149200367616.000000
2 33 0.001217 29683773440.000000
1 92 0.003392 201660153856.000000
1 48 0.001770 60760739840.000000
2 627 0.023118 1491189235712.000000
1 888 0.032751 3640389271552.000000
1 4 0.000148 21440676.000000
2 1 0.000037 26.976023
1 3303 0.121877 18129438638080.000000
1 233 0.008601 1167603793920.000000
1 105 0.003876 535344152576.000000
1 357 0.013178 547500294144.000000
1 7 0.000258 11004418048.000000
1 1 0.000037 27.165613
1 60 0.002218 61248819200.000000
1 421 0.015561 2195714211840.000000
1 2 0.000074 16651561984.000000
1 66 0.002441 142464499712.000000
1 18 0.000666 7025617408.000000
1 765 0.028292 2536966455296.000000
1 460 0.017045 1505473069056.000000
1 5 0.000185 839771.062500
1 192 0.007118 1286181748736.000000
2 21 0.000779 52729970688.000000
3 2 0.000074 31.485468
2 10 0.000371 4485627.500000
3 2 0.000074 31.595999
1 321 0.011916 1875477528576.000000
2 2 0.000074 38471696384.000000
2 8 0.000297 22991816704.000000
2 7 0.000260 45326422016.000000
3 7 0.000260 57249185792.000000
3 7 0.000260 7906124800.000000
3 4 0.000149 30399764480.000000
2 9 0.000334 2208976.500000
3 1 0.000037 32.105858
1 626 0.023252 2475865669632.000000
3 2 0.000074 32.234505
3 1 0.000037 61339598848.000000
2 9 0.000334 229412.156250
2 1 0.000037 32.363766
2 13 0.000483 105244112.000000
2 28 0.001040 39668359168.000000
3 1 0.000037 32.493546
3 3 0.000111 61339598848.000000
3 2 0.000074 60.824955
3 2 0.000074 32.623844
2 1 0.000037 32.787457
2 13 0.000483 10064351232.000000
2 5 0.000186 36715.054688
2 17 0.000632 7606928.000000
3 2 0.000074 630791.562500
2 19 0.000706 11973452.000000
4 3 0.000112 7316999.000000
3 1 0.000037 33.050938
3 3 0.000112 920072320.000000
3 2 0.000074 692298.750000
2 11 0.000409 42312331264.000000
2 12 0.000446 27361742.000000
2 15 0.000558 7684944.500000
2 13 0.000484 6190707200.000000
3 1 0.000037 33.601093
2 12 0.000446 3145050.000000
2 7 0.000261 5322395.000000
2 1 0.000037 33.989918
2 20 0.000744 41751756.000000
2 1 0.000037 34.126221
2 2 0.000074 12338.545898
2 2 0.000074 11324.125977
2 26 0.000968 45345001472.000000
3 1 0.000037 34.400463
2 13 0.000484 32858556.000000
2 3 0.000112 17177.136719
3 1 0.000037 34.676907
3 2 0.000074 12574452.000000
3 2 0.000074 34.798565
2 8 0.000298 12358099.000000
3 1 0.000037 34.938248
2 2 0.000075 204449.046875
3 3 0.000112 8169870.500000
3 1 0.000037 34.990604
1 642 0.023920 4041256468480.000000
3 4 0.000149 1164737152.000000
3 1 0.000037 35.166046
2 1 0.000037 35.236485
2 7 0.000261 1453792.500000
2 6 0.000224 47341.988281
2 1 0.000037 35.519650
2 16 0.000596 9465958.000000
2 8 0.000298 305576.281250
2 2 0.000075 38453.480469
2 3 0.000112 17195.656250
3 1 0.000037 35.912754
3 1 0.000037 36.020672
3 1 0.000037 36.074783
2 10 0.000373 70726909952.000000
3 3 0.000112 634610048.000000
2 1 0.000037 197.707413
1 99 0.003693 459688673280.000000
1 2638 0.098628 15622063783936.000000
1 41 0.001535 8764707840.000000
1 24 0.000899 12669590528.000000
1 2947 0.110453 11626533093376.000000
2 1017 0.038148 8654783250432.000000
2 187 0.007016 158692966400.000000
2 52 0.001951 218261356544.000000
2 156 0.005853 827244019712.000000
1 297 0.011144 1723254702080.000000
1 549 0.020605 2067564331008.000000
1 15 0.000563 85603254272.000000
2 327 0.012278 590812282880.000000
2 64 0.002403 30048468992.000000
2 659 0.024746 4324821303296.000000
1 5673 0.213054 34512337633280.000000
1 1 0.000038 40.595337
2 132 0.004963 8616423.000000
2 100 0.003761 171910643712.000000
2 324 0.012185 1463849058304.000000
3 5 0.000188 1049298304.000000
3 1 0.000038 42.147339
3 25 0.000941 77883858944.000000
3 6 0.000226 30609655808.000000
3 3 0.000113 201879.437500
3 23 0.000866 40409284.000000
3 5 0.000188 90358.445312
3 16 0.000603 8654157824.000000
3 1 0.000038 42.913246
3 29 0.001092 105011421184.000000
3 27 0.001017 90161922048.000000
3 3 0.000113 43.106907
2 195 0.007346 199556956160.000000
3 31 0.001168 257317502976.000000
3 10 0.000377 527748.437500
3 1 0.000038 43.649422
1 53 0.001998 298488725504.000000
1 2 0.000075 29130440704.000000
3 3 0.000113 15408.369141
3 25 0.000942 438365585408.000000
3 2 0.000075 43.868286
3 31 0.001169 142322024448.000000
3 1 0.000038 44.022251
3 16 0.000603 7458940.500000
3 2 0.000075 44.442581
3 5 0.000189 204.087967
3 23 0.000867 15098770.000000
3 3 0.000113 845376768.000000
3 1 0.000038 44.844574
3 5 0.000189 19834346.000000
3 29 0.001094 312528338944.000000
3 18 0.000679 17249345536.000000
3 2 0.000075 45.386223
3 4 0.000151 23580172.000000
3 32 0.001208 80966942720.000000
3 1 0.000038 179.121857
1 703 0.026555 3651507322880.000000
1 1 0.000038 46.210987
1 829 0.031316 4483862495232.000000
3 11 0.000416 588511.000000
3 1 0.000038 46.535763
3 8 0.000302 77085.578125
3 2 0.000076 46.628975
3 31 0.001172 202319888384.000000
3 59 0.002231 65912225792.000000
3 2 0.000076 172.581268
3 3 0.000113 107.621208
1 30 0.001134 6785.718262
1 730 0.027606 5847127162880.000000
3 3 0.000113 180.542526
1 27 0.001021 4185.786133
1 762 0.028823 4308341096448.000000
3 18 0.000681 280023040000.000000
3 10 0.000378 9062321.000000
3 16 0.000605 30842259456.000000
3 22 0.000832 69860597760.000000
1 11 0.000416 914736000.000000
3 1 0.000038 47.905754
3 2 0.000076 47.977718
3 2 0.000076 72.183334
3 2 0.000076 48.097855
3 1 0.000038 48.170113
3 34 0.001287 709987200.000000
3 2 0.000076 30778341376.000000
3 16 0.000606 18357374.000000
3 28 0.001060 60029788160.000000
3 1 0.000038 48.435894
3 1 0.000038 48.508656
3 1 0.000038 48.532909
3 7 0.000265 855977856.000000
3 21 0.000795 3928467712.000000
3 3 0.000114 709706.875000
3 4 0.000151 208.207047
3 1 0.000038 48.971897
3 4 0.000151 848555200.000000
3 2 0.000076 31557892096.000000
3 13 0.000493 130621235200.000000
3 1 0.000038 49.513836
3 4 0.000152 25192878.000000
3 20 0.000758 10004200448.000000
3 3 0.000114 23103.013672
3 31 0.001175 5452027904.000000
3 106 0.004018 298989420544.000000
3 5 0.000190 2973606912.000000
3 16 0.000606 26119822.000000
1 4811 0.182394 30667274452992.000000
1 1 0.000038 50.312832
1 758 0.028747 949822947328.000000
2 404 0.015322 393495805952.000000
1 623 0.023637 3987861667840.000000
1 395 0.014988 2674172624896.000000
3 2 0.000076 350767.812500
3 6 0.000228 113830862848.000000
3 5 0.000190 51276939264.000000
3 6 0.000228 62220582912.000000
3 18 0.000683 23828541440.000000
2 286 0.010858 12352619520.000000
3 1 0.000038 51.794018
3 7 0.000266 33854736.000000
3 15 0.000570 29349150.000000
2 333 0.012648 1890868396032.000000
3 2 0.000076 5802487.500000
3 1 0.000038 13018624000.000000
3 10 0.000380 67503888.000000
2 315 0.011969 2778292813824.000000
3 6 0.000228 1598706432.000000
1 24 0.000912 50008330240.000000
3 1 0.000038 181.125519
1 46 0.001750 247554179072.000000
3 3 0.000114 8424846.000000
3 2 0.000076 61569556480.000000
2 1 0.000038 54.559982
2 4 0.000152 40832.367188
3 5 0.000190 1164231.875000
3 3 0.000114 917041.187500
3 8 0.000304 2530710528.000000
2 14 0.000533 2461774336.000000
3 3 0.000114 91613.250000
3 1 0.000038 56.617615
3 3 0.000114 92072.695312
2 66 0.002518 4753.963379
1 442 0.016864 299738660864.000000
2 129 0.004922 22580813824.000000
1 272 0.010384 1379342876672.000000
2 2 0.000076 181.127579
1 2271 0.086746 13998918467584.000000
1 3239 0.123739 21007320481792.000000
3 1 0.000038 60.603531
3 1 0.000038 60.694576
1 314 0.012005 1179161722880.000000
3 1 0.000038 60.846554
1 1331 0.050905 4695318855680.000000
1 1 0.000038 61.952267
1 1 0.000038 62.045334
1 1 0.000038 62.076359
1 1 0.000038 62.231937
1 1 0.000038 62.294136
1 1 0.000038 62.607018
1 1 0.000038 62.543938
1 1 0.000038 62.732040
1 1 0.000038 62.700550
1 1 0.000038 62.794743
1 1 0.000038 62.826138
1 2 0.000077 62.951981
1 114 0.004368 59713732608.000000
1 4 0.000153 12595.088867
1 5 0.000192 739163200.000000
1 12 0.000460 120438611968.000000
1 29 0.001111 213350957056.000000
1 1 0.000038 63.521389
1 1 0.000038 63.680592
1 1 0.000038 63.776112
1 1 0.000038 63.871922
1 147 0.005636 711785512960.000000
1 1 0.000038 64.192726
1 1 0.000038 64.288628
1 1 0.000038 64.385201
1 1 0.000038 64.417397
1 1 0.000038 65.002403
1 731 0.028038 3698951979008.000000
1 1 0.000038 64.740448
1 1 0.000038 64.902710
1 1 0.000038 65.000061
1 1 0.000038 65.293884
1 1 0.000038 65.326035
1 1 0.000038 65.424179
1 1 0.000038 65.456886
1 1 0.000038 65.522408
1 1 0.000038 65.785156
1 1 0.000038 65.950027
1 1 0.000038 66.048958
1 1 0.000038 66.380859
1 1 0.000038 66.513153
1 1 0.000038 66.613075
1 1 0.000038 66.646378
1 1 0.000038 66.746498
1 204 0.007835 910178648064.000000
1 1 0.000038 67.250618
1 1 0.000038 67.047661
1 1 0.000038 67.215698
1 1 0.000038 67.316528
1 1 0.000038 67.383904
1 2 0.000077 67.552788
1 4 0.000154 101.498573
1 1 0.000038 67.620308
1 17 0.000653 519762272.000000
1 1 0.000038 68.096741
1 39 0.001499 100781522944.000000
1 1 0.000038 67.857483
1 2 0.000077 103.742989
1 2 0.000077 103.776962
1 1 0.000038 68.334396
1 1 0.000038 68.437050
1 1 0.000038 68.471268
1 1 0.000038 69.797272
1 983 0.037798 5977643417600.000000
2 1 0.000038 68.814651
2 1 0.000038 68.918037
1 1 0.000038 68.952492
1 1 0.000038 69.125305
1 1 0.000038 69.228989
1 1 0.000038 69.541931
1 1 0.000038 69.645828
1 1 0.000038 69.750450
1 1 0.000038 69.785324
1 1 0.000038 70.100777
1 1 0.000038 70.065163
1 1 0.000038 70.240768
1 1 0.000038 70.346130
1 1 0.000038 70.451805
1 1 0.000038 70.487030
1 1 0.000038 70.805656
1 1 0.000039 70.911438
1 1 0.000039 71.017967
1 1 0.000039 71.053474
1 1 0.000039 71.734329
1 1 0.000039 71.409805
1 1 0.000039 71.588783
1 1 0.000039 71.696167
1 1 0.000039 72.020256
1 1 0.000039 72.127853
2 1 0.000039 72.236206
1 1 0.000039 72.272324
2 1 0.000039 74.087120
1 1 0.000039 72.562141
1 1 0.000039 72.743996
1 1 0.000039 72.853111
1 1 0.000039 73.182434
1 1 0.000039 73.291763
1 1 0.000039 73.401871
1 1 0.000039 73.438568
1 1 0.000039 74.068130
1 1 0.000039 73.733063
1 1 0.000039 73.917854
1 1 0.000039 74.028732
1 1 0.000039 74.363365
1 1 0.000039 74.474457
1 1 0.000039 74.586342
1 1 0.000039 74.623634
1 1 0.000039 75.263359
1 1 0.000039 74.922874
1 1 0.000039 75.110657
1 1 0.000039 75.223320
1 1 0.000039 75.563354
1 1 0.000039 75.676239
1 1 0.000039 75.789925
1 1 0.000039 75.827820
2 1 0.000039 75.979782
1 1 0.000039 76.017754
1 14 0.000540 4983701504.000000
2 1 0.000039 79.762115
1 1 0.000039 76.246262
1 6 0.000232 871382.312500
1 1 0.000039 79.876480
1 2 0.000077 77.171021
1 1 0.000039 76.666954
1 1 0.000039 76.859100
1 1 0.000039 76.974388
1 2 0.000077 77.477989
2 1 0.000039 77.437859
2 1 0.000039 77.554184
1 2 0.000077 77.787437
2 1 0.000039 77.865181
1 1 0.000039 80.686752
1 1 0.000039 78.490913
1 1 0.000039 79.004181
2 1 0.000039 78.845070
1 1 0.000039 79.161713
1 2 0.000077 80.772209
1 662 0.025616 2368660307968.000000
1 1 0.000039 80.237732
1 1 0.000039 80.479050
1 1 0.000039 80.559486
1 1 0.000039 81.045517
2 1 0.000039 80.882538
1 1 0.000039 81.044540
1 1 0.000039 81.288284
1 1 0.000039 81.369537
1 2 0.000077 81.614250
1 817 0.031641 3559544586240.000000
1 7 0.000271 4571.932617
1 339 0.013131 3160684888064.000000
1 2 0.000077 81.941528
1 32 0.001240 7158.785156
1 630 0.024406 4765228466176.000000
1 97 0.003758 541664935936.000000
1 1 0.000039 82.767952
1 1 0.000039 82.352341
1 1 0.000039 82.600021
1 1 0.000039 82.682579
1 1 0.000039 83.097862
1 1 0.000039 83.263802
1 1 0.000039 83.681252
1 1 0.000039 83.932922
1 1 0.000039 84.016815
1 1 0.000039 84.438789
1 1 0.000039 84.607414
1 1 0.000039 85.460732
1 1 0.000039 85.287331
1 1 0.000039 85.801369
1 1 0.000039 85.972710
1 1 0.000039 87.501587
1 1 0.000039 86.663597
1 1 0.000039 87.185928
1 1 0.000039 87.360039
1 1 0.000039 87.447357
1 1 0.000039 88.196640
1 1 0.000039 88.017952
1 1 0.000039 88.504242
1 1 0.000039 88.415070
1 1 0.000039 88.680984
1 1 0.000039 88.769615
1 1 0.000039 91.749016
1 1 0.000039 89.304237
1 1 0.000039 89.842484
1 1 0.000039 89.751968
1 1 0.000039 90.021896
1 1 0.000039 90.111877
1 1 0.000039 90.929817
1 1 0.000039 90.745323
1 1 0.000039 91.292252
1 1 0.000039 91.474564
1 1 0.000039 93.148605
1 1 0.000039 92.209663
1 1 0.000039 92.765427
1 1 0.000039 92.950676
1 1 0.000039 93.888130
1 1 0.000039 93.697639
1 1 0.000039 94.262360
1 1 0.000039 94.450600
1 1 0.000039 101.699898
1 1 0.000039 95.209618
1 1 0.000039 95.783455
1 1 0.000039 95.686951
1 1 0.000039 95.974739
1 1 0.000039 96.070663
1 1 0.000039 96.942696
1 1 0.000039 96.455910
1 1 0.000039 96.746002
1 1 0.000039 96.842697
1 1 0.000039 97.329102
1 1 0.000039 97.231041
1 1 0.000039 97.523460
1 1 0.000039 97.620941
1 4 0.000156 204.852249
1 1 0.000039 98.012398
1 1 0.000039 98.307175
1 1 0.000039 98.405434
1 1 0.000039 98.850029
1 1 0.000039 98.800034
1 1 0.000039 99.047531
1 1 0.000039 100.193665
1 1 0.000039 100.243767
1 1 0.000039 100.495003
1 1 0.000039 100.444550
1 1 0.000039 100.595444
1 424 0.016559 2205501882368.000000
1 3 0.000117 155.805756
1 1 0.000039 102.017616
1 1 0.000039 101.353088
1 1 0.000039 101.505348
1 1 0.000039 101.556099
1 1 0.000039 101.810623
1 1 0.000039 101.759514
1 1 0.000039 101.912384
1 1 0.000039 101.963341
1 1 0.000039 102.424248
1 1 0.000039 102.167580
1 1 0.000039 102.321060
1 1 0.000039 102.372215
1 1 0.000039 102.628792
1 1 0.000039 102.577271
1 1 0.000039 102.731369
1 1 0.000039 102.782730
1 1 0.000039 103.453522
1 1 0.000039 103.401596
1 1 0.000039 103.556931
1 1 0.000039 103.608704
1 1 0.000039 104.077049
1 1 0.000039 103.816238
1 1 0.000039 103.972198
1 1 0.000039 104.024185
1 1 0.000039 104.284889
1 1 0.000039 104.232544
1 1 0.000039 104.389122
1 1 0.000039 104.441315
1 1 0.000039 104.598221
1 3 0.000117 159.030624
1 1 0.000039 105.333496
1 1 0.000039 105.280624
1 1 0.000039 105.438782
1 1 0.000039 105.491501
1 1 0.000039 105.968353
1 1 0.000039 105.702805
1 1 0.000039 105.861595
1 1 0.000039 105.914528
1 1 0.000039 106.179970
2 1 0.000039 106.286095
2 1 0.000039 107.576324
2 1 0.000039 107.301102
2 1 0.000039 107.462288
2 1 0.000039 108.271767
2 1 0.000039 108.597229
1 2089 0.082289 373059813376.000000
1 844 0.033277 4783595847680.000000
2 724 0.028546 3232660455424.000000
2 835 0.032926 1003559911424.000000
2 933 0.036790 6814898323456.000000
1 317 0.012502 1082772291584.000000
1 18 0.000710 417452224.000000
1 873 0.034432 4675532750848.000000
2 34 0.001341 3518.414551
1 48 0.001894 110119829504.000000
1 76 0.002999 423622368.000000
2 25 0.000987 5397128704.000000
2 884 0.034888 4746249240576.000000
1 137 0.005411 897485307904.000000
2 998 0.039444 6271727566848.000000
2 1372 0.054227 10801121329152.000000
1 294 0.011623 872895414272.000000
1 542 0.021499 6287241248768.000000
2 51 0.002023 21417.660156
2 666 0.026421 6548164706304.000000
1 2872 0.114227 14577807917056.000000
2 59 0.002353 52613713920.000000
1 304 0.012132 926324621312.000000
2 552 0.022089 2455676387328.000000
2 3 0.000120 310.745331
1 262 0.010488 212933.421875
1 9 0.000361 54837649408.000000
1 36 0.001443 206625.234375
1 215 0.008622 8611144704.000000
1 963 0.038720 7857596006400.000000
1 326 0.013114 88433565696.000000
1 28 0.001126 93189.765625
1 9 0.000362 839.045227
1 8 0.000322 771.608948
1 176 0.007082 2245823232.000000
1 799 0.032153 5982753652736.000000
1 207 0.008339 719022194688.000000
2 19 0.000768 392262254592.000000
2 41 0.001658 1226753572864.000000
2 1 0.000040 195.574051
2 17 0.000688 144740237312.000000
2 30 0.001214 211259228160.000000
3 40 0.001621 282278133760.000000
1 2333 0.094622 413848043520.000000
1 3661 0.148495 23583187271680.000000
2 335 0.013607 2585441861632.000000
2 1406 0.057138 10892095782912.000000
2 1993 0.081003 22508382191616.000000
1 1001 0.040694 6249192095744.000000
2 565 0.022999 4034382528512.000000
2 41 0.001676 259732324352.000000
3 4 0.000164 50929180.000000
3 32 0.001309 255252905984.000000
3 53 0.002170 36685479936.000000
3 30 0.001228 39054757888.000000
2 31 0.001270 25889865728.000000
3 8 0.000328 593433.187500
2 5 0.000205 42345.707031
2 37 0.001516 41507799040.000000
2 5 0.000205 853369.687500
3 5 0.000205 388.662811
2 2187 0.089661 10963781681152.000000
2 2131 0.087372 15558786416640.000000
2 32 0.001312 9202359296.000000
3 50 0.002052 406496739328.000000
2 27 0.001108 284196864000.000000
1 686 0.028168 1996009373696.000000
1 28 0.001150 3261.184570
1 1901 0.078150 2431996133376.000000
3 46 0.001902 13141398528.000000
3 100 0.004135 667796439040.000000
2 9 0.000372 2134489.500000
2 18 0.000745 3421348864.000000
1 52 0.002155 191960072192.000000
1 220 0.009117 282665680896.000000
2 1 0.000041 335.361389
2 1 0.000041 337.380615
2 66 0.002739 460477267968.000000
2 101 0.004192 354271166464.000000
2 1647 0.068366 1349318213632.000000
2 105 0.004360 2808369152.000000
3 17 0.000715 5656465408.000000
2 85 0.003584 1373353672704.000000
1 1015 0.043133 9728531890176.000000
3 16 0.000682 86925180928.000000
3 17 0.000725 20403367936.000000
3 2 0.000085 1115.757935
3 12 0.000513 60539465728.000000
2 41 0.001754 815461564416.000000
2 494 0.021137 5093748899840.000000
2 275 0.011776 134740656128.000000
2 627 0.026852 4492243238912.000000
3 9 0.000386 484030382080.000000
3 3 0.000129 107401838592.000000
3 1 0.000043 1184.344360
2 1 0.000043 643.250671
2 198 0.008490 367368732672.000000
2 110 0.004738 1486204043264.000000
3 1 0.000043 732.234741
2 1026 0.044377 6375295418368.000000
2 1 0.000043 791.269043
1 26 0.001126 909764.250000
1 333 0.014425 2374749913088.000000
2 1 0.000043 809.688477
2 1 0.000043 815.379028
3 28 0.001219 897057685504.000000
2 1196 0.052236 12072284848128.000000
1 1783 0.077894 18485969158144.000000
2 49 0.002146 346871496704.000000
2 29 0.001270 73502482432.000000
3 3 0.000132 5882512384.000000
3 21 0.000923 1157482414080.000000
2 1 0.000044 1088.763184
3 30 0.001323 8889948160.000000
3 1 0.000045 1490.630981
2 1 0.000045 1499.606079
2 1 0.000045 1505.619507
2 1 0.000045 1517.718872
2 1 0.000045 1562.399902
2 1 0.000045 1564.746948
2 1 0.000045 1565.529297
3 1 0.000045 1571.027954
3 1 0.000045 1573.382080
2 1 0.000045 1574.955444
2 11 0.000493 296723904.000000
2 3 0.000134 12936140800.000000
2 50 0.002240 138135633920.000000
2 1 0.000045 1650.784302
2 69 0.003091 243243663360.000000
2 3 0.000134 26523985920.000000
2 76 0.003406 1794375168.000000
3 65 0.002914 27361425408.000000
2 63 0.002825 542251220992.000000
2 22 0.000987 175244197888.000000
3 4 0.000179 184710348800.000000
2 8 0.000359 12975420416.000000
2 95 0.004264 1726048239616.000000
1 672 0.030461 3476841037824.000000
1 538 0.024547 2525309698048.000000
1 846 0.038913 6416449929216.000000
1 276 0.012695 1089847296000.000000
2 193 0.008878 980413120512.000000
1 141 0.006501 395509858304.000000
1 396 0.018259 811894505472.000000
1 536 0.024719 3679952044032.000000
1 238 0.010976 1680795369472.000000
1 469 0.021630 2207199002624.000000
1 271 0.012518 1213856219136.000000
1 453 0.020926 3260716417024.000000
3 19 0.000881 241143201792.000000
3 6 0.000279 49635778560.000000
3 34 0.001582 407747166208.000000
1 450 0.020980 2538805133312.000000
2 190 0.008868 2467516383232.000000
1 281 0.013116 1150166499328.000000
1 28 0.001307 1083614464.000000
3 13 0.000609 520187052032.000000
3 16 0.000750 442124566528.000000
1 1588 0.074536 11868426993664.000000
2 732 0.034579 6472645214208.000000
2 438 0.020721 3468157517824.000000
2 576 0.027527 2199406772224.000000
2 133 0.006359 255549407232.000000
2 24 0.001151 495175565312.000000
1 227 0.010943 816749412352.000000
2 979 0.047233 5006105247744.000000
2 279 0.013461 3715539927040.000000
1 553 0.026977 6521790922752.000000
1 102 0.004996 45348060.000000
1 191 0.009363 1056779648.000000
1 103 0.005053 69436544.000000
1 534 0.026372 4699853422592.000000
1 2270 0.112110 15832796102656.000000
1 155 0.007656 15631784960.000000
1 424 0.020990 4286859968512.000000
2 427 0.021173 2593315094528.000000
1 563 0.027922 4196582293504.000000
2 458 0.022842 2419315441664.000000
1 188 0.009389 3299399434240.000000
1 649 0.032463 4747380129792.000000
1 65 0.003253 1249860517888.000000
1 205 0.010261 1521454153728.000000
1 567 0.028514 3835347075072.000000
1 2243 0.113598 20248480710656.000000
1 1139 0.057715 10831747088384.000000
1 743 0.037656 4196798300160.000000
1 344 0.017434 733670998016.000000
1 377 0.019108 565607858176.000000
3 12 0.000612 103935776.000000
2 1 0.000052 20257.080078
2 4 0.000208 233282.093750
2 4 0.000208 36932108.000000
2 52 0.002703 179740114944.000000
2 21 0.001092 343974182912.000000
2 20 0.001040 658866831360.000000
2 2 0.000104 327639.656250
2 1 0.000052 1402534912.000000
2 1 0.000052 20460.769531
2 74 0.003847 257203142656.000000
2 1 0.000052 20501.751953
1 5 0.000260 31109114.000000
2 49 0.002548 725914615808.000000
2 12 0.000624 26774354.000000
2 46 0.002393 32499709952.000000
2 1 0.000052 20666.505859
2 45 0.002341 744361820160.000000
2 34 0.001769 194323742720.000000
2 10 0.000520 4726903296.000000
2 1 0.000052 21105.314453
2 10 0.000521 95650112.000000
2 15 0.000781 31733665792.000000
2 5 0.000260 489549.375000
2 5 0.000261 4949356.000000
2 8 0.000417 2630509.000000
2 29 0.001512 106250592256.000000
2 225 0.011781 961489797120.000000
1 25 0.001309 56743923712.000000
2 25 0.001309 106044325888.000000
2 22 0.001152 26863988736.000000
3 18 0.000943 25051678720.000000
3 21 0.001101 29874675712.000000
2 37 0.001941 23946203136.000000
2 64 0.003357 102954196992.000000
2 25 0.001314 108779732992.000000
3 30 0.001579 55854784512.000000
1 104 0.005477 832526876672.000000
1 389 0.020491 1560362614784.000000
1 1 0.000053 25244.654297
1 27 0.001423 98309873664.000000
1 172 0.009066 1215105990656.000000
1 318 0.016761 2401454260224.000000
1 174 0.009173 2486338846720.000000
1 324 0.017081 1841923751936.000000
1 310 0.016351 4115231670272.000000
1 1 0.000053 25690.597656
2 23 0.001213 73990616.000000
1 5 0.000264 121439.460938
1 5 0.000264 22421364.000000
1 9 0.000475 119200.601562
2 1 0.000053 26065.964844
1 707 0.037328 2959742599168.000000
2 2 0.000106 6780539392.000000
1 2 0.000106 26966.556641
1 144 0.007605 610185904128.000000
1 21 0.001110 4860320256.000000
2 1 0.000053 26407.207031
2 1 0.000053 26513.099609
2 1 0.000053 26592.798828
2 1 0.000053 26646.064453
2 1 0.000053 26699.435547
2 1 0.000053 26752.914062
2 1 0.000053 26913.996094
2 1 0.000053 26994.898438
2 1 0.000053 27048.970703
2 1 0.000053 27103.150391
2 23 0.001218 259859382272.000000
2 1 0.000053 27293.632812
2 1 0.000053 27348.302734
2 1 0.000053 27403.082031
1 3 0.000159 1244301824.000000
1 148 0.007840 486275252224.000000
2 8 0.000424 16741708800.000000
2 1 0.000053 27568.076172
2 1 0.000053 27706.332031
1 348 0.018447 2120121581568.000000
2 37 0.001961 80028712960.000000
2 1 0.000053 27873.152344
2 1 0.000053 27984.925781
2 1 0.000053 28040.978516
2 1 0.000053 28097.144531
2 1 0.000053 28153.423828
2 1 0.000053 28209.814453
2 1 0.000053 28294.613281
3 1 0.000053 28379.667969
1 179 0.009499 1041433690112.000000
2 172 0.009129 708574183424.000000
2 119 0.006316 928978173952.000000
2 1231 0.065336 9021557833728.000000
2 264 0.014016 2836136984576.000000
1 233 0.012388 2449380999168.000000
2 1 0.000053 28982.246094
2 1 0.000053 29011.257812
2 1 0.000053 29069.396484
2 38 0.002024 578484830208.000000
2 51 0.002716 128677224448.000000
2 3 0.000160 22706694144.000000
1 905 0.048202 7180692488192.000000
2 29 0.001545 128506748928.000000
1 389 0.020726 2114514976768.000000
1 812 0.043263 5964013502464.000000
2 357 0.019022 3787419549696.000000
2 328 0.017477 2865629233152.000000
2 1 0.000053 29449.927734
2 24 0.001279 23141144576.000000
2 53 0.002825 92213575680.000000
1 292 0.015566 1574871498752.000000
2 163 0.008691 1149956259840.000000
2 83 0.004426 1206087319552.000000
2 7 0.000373 22493526016.000000
2 12 0.000640 111540112.000000
2 14 0.000747 37253255168.000000
2 36 0.001920 23573344256.000000
2 3 0.000160 556720.437500
2 3 0.000160 49638.445312
2 3 0.000160 175940.468750
2 1586 0.084754 10504153071616.000000
2 1519 0.081174 14447159541760.000000
2 30 0.001604 77950484480.000000
2 12 0.000642 95739658240.000000
2 5 0.000268 329321.031250
2 47 0.002515 199808794624.000000
1 6 0.000321 60156456960.000000
2 221 0.011838 1553095458816.000000
2 33 0.001768 160364150784.000000
2 23 0.001235 75260575744.000000
2 47 0.002525 843477680128.000000
2 6 0.000322 24153808.000000
2 20 0.001075 180460732416.000000
2 2 0.000108 224067.046875
2 3 0.000161 34458.992188
2 1 0.000054 34528.015625
2 51 0.002743 905028370432.000000
2 32 0.001721 29697255424.000000
2 53 0.002852 361254912000.000000
2 57 0.003068 217846743040.000000
2 1 0.000054 35120.308594
2 136 0.007321 1145602048000.000000
2 31 0.001669 200794226688.000000
1 578 0.031183 381288284160.000000
2 1 0.000054 38815.886719
2 2 0.000109 58369.710938
2 2 0.000109 58389.148438
2 2 0.000109 19456.544922
2 4 0.000218 280760.343750
2 79 0.004302 81351925760.000000
2 3 0.000163 173521.140625
2 4 0.000218 20415547392.000000
2 5 0.000272 31310686.000000
2 3 0.000163 159963.140625
2 4 0.000218 312642.625000
2 11 0.000599 48979308544.000000
2 3 0.000163 48913051648.000000
2 4 0.000218 228956.515625
2 60 0.003270 180141768704.000000
2 2 0.000109 230387.390625
2 4 0.000218 231000.218750
2 6 0.000327 1174883.250000
2 6 0.000327 24679100.000000
2 45 0.002460 30482685952.000000
2 2 0.000109 273079.187500
2 25 0.001367 61575659520.000000
2 35 0.001915 258027880448.000000
2 1 0.000055 42771.761719
2 38 0.002080 452719181824.000000
2 8 0.000438 26832336896.000000
2 16 0.000876 788726080.000000
2 24 0.001314 815664201728.000000
2 19 0.001041 2246093056.000000
2 19 0.001046 21717825536.000000
2 27 0.001487 69475876864.000000
2 1 0.000055 80352.023438
2 1 0.000055 47843.445312
2 23 0.001267 182888103936.000000
2 22 0.001212 316716351488.000000
2 1 0.000055 48179.695312
2 25 0.001377 234360963072.000000
2 32 0.001763 107921154048.000000
2 12 0.000661 1903716096.000000
2 2 0.000110 851832.000000
2 15 0.000827 19194408960.000000
2 3 0.000165 5770028.000000
2 1 0.000055 49153.480469
2 17 0.000938 3441389824.000000
2 7 0.000386 3618067968.000000
2 5 0.000276 148698.093750
2 19 0.001049 58343008.000000
2 3 0.000166 494826.593750
2 19 0.001050 148227129344.000000
2 11 0.000608 1879722880.000000
2 31 0.001714 205296566272.000000
2 10 0.000557 4732068352.000000
2 5 0.000279 22552553472.000000
2 3 0.000167 896491.125000
2 37 0.002063 568887476224.000000
2 3 0.000167 5014806.500000
2 11 0.000614 51316816.000000
2 6 0.000335 22697596928.000000
1 29 0.001619 263840595968.000000
2 4 0.000223 5564518.000000
2 2 0.000112 920757.312500
2 4 0.000224 22867349504.000000
2 2 0.000112 62244.222656
2 31 0.001733 34849333248.000000
2 39 0.002180 145021730816.000000
2 17 0.000950 54231432.000000
2 18 0.001006 800601280.000000
2 1 0.000056 63122.214844
2 69 0.003859 66901172224.000000
2 6 0.000336 410720.000000
2 25 0.001399 45757030400.000000
2 15 0.000839 26810208256.000000
2 2 0.000112 286910.156250
2 28 0.001568 55122407424.000000
2 7 0.000392 32619830.000000
2 7 0.000392 67672832.000000
2 2 0.000112 258302.406250
2 10 0.000560 57377848.000000
2 2 0.000112 65568.257812
2 7 0.000392 34019936.000000
2 2 0.000112 672927.500000
2 16 0.000897 38852988928.000000
2 18 0.001009 186584137728.000000
3 1 0.000056 67633.757812
1 44 0.002489 792058134528.000000
1 2 0.000113 201217888.000000
1 42 0.002376 6679597568.000000
1 49 0.002772 146464309248.000000
1 24 0.001358 31978852352.000000
1 64 0.003621 224576487424.000000
1 3 0.000170 68211.414062
1 3 0.000170 68245.515625
1 1 0.000057 34139.828125
1 103 0.005867 1216427851776.000000
1 1 0.000058 81304.335938
1 1 0.000058 81426.476562
1 464 0.026815 1298895863808.000000
1 184 0.010662 293263310848.000000
1 5 0.000290 40917.394531
1 11 0.000637 301342687232.000000
1 1 0.000058 124237.976562
1 452 0.026200 2238396235776.000000
1 2 0.000116 123491.445312
1 8 0.000464 263026327552.000000
1 2 0.000116 41163.761719
1 171 0.009913 1774814625792.000000
1 2 0.000116 124486.289062
1 1 0.000058 82657.695312
1 25 0.001450 46307315712.000000
1 1 0.000058 82906.289062
1 10 0.000580 760402304.000000
1 2 0.000116 82989.156250
1 1 0.000058 125068.429688
1 1 0.000058 41536.093750
1 1 0.000058 83238.625000
1 3 0.000174 83280.242188
1 1 0.000058 41660.953125
1 1 0.000058 83488.835938
1 1 0.000058 83530.585938
1 1 0.000058 87509.609375
1 98 0.005685 1724449161216.000000
1 1 0.000058 41869.882812
1 719 0.041720 2821973606400.000000
1 468 0.027168 2266274725888.000000
1 304 0.017657 3374033403904.000000
1 1 0.000058 42037.781250
1 171 0.009940 1726235017216.000000
1 503 0.029241 5777696227328.000000
1 1 0.000058 84370.500000
1 2 0.000116 42206.355469
1 120 0.006984 643680501760.000000
1 4 0.000233 136481.171875
1 64 0.003725 416997048320.000000
1 714 0.041560 5042031558656.000000
1 18 0.001048 171463524352.000000
1 30 0.001747 732248473600.000000
1 18 0.001048 375536156672.000000
1 66 0.003843 1194477092864.000000
1 3 0.000175 5095650.000000
1 2 0.000116 86036.187500
1 13 0.000757 279485743104.000000
1 1 0.000058 42716.136719
1 174 0.010145 1899820089344.000000
1 370 0.021572 3255123050496.000000
1 566 0.033013 2918498697216.000000
1 103 0.006008 994308194304.000000
1 291 0.016975 1679524102144.000000
1 123 0.007176 1127927644160.000000
1 1 0.000058 86118.867188
1 97 0.005660 654144831488.000000
1 262 0.015287 2884318265344.000000
1 331 0.019321 1118177460224.000000
1 525 0.030661 3274639671296.000000
1 8 0.000468 3549759.500000
1 328 0.019178 1384015724544.000000
1 452 0.026428 2105059835904.000000
1 31 0.001813 13368716.000000
1 273 0.015972 3532270600192.000000
1 103 0.006027 466977128448.000000
1 438 0.025629 3177077538816.000000
1 4 0.000234 87685.937500
1 4 0.000234 19388656.000000
1 27 0.001582 155831009280.000000
1 610 0.035788 5190825017344.000000
1 7 0.000411 87344448.000000
1 42 0.002466 527343648768.000000
1 411 0.024130 4321212366848.000000
1 292 0.017144 1840977543168.000000
1 414 0.024309 2840784797696.000000
1 9 0.000529 4196247.500000
1 16 0.000940 263793606656.000000
1 699 0.041067 4703614664704.000000
1 1 0.000059 44282.730469
1 583 0.034254 3168165691392.000000
1 2 0.000118 1328840192.000000
1 2 0.000118 2158738688.000000
1 18 0.001058 59614863360.000000
1 14 0.000823 108980748288.000000
1 573 0.033712 2656869285888.000000
1 498 0.029313 2866399936512.000000
1 2 0.000118 147687.437500
1 606 0.035681 3888159916032.000000
2 23 0.001354 34853883904.000000
1 82 0.004828 421965004800.000000
1 312 0.018456 2402225750016.000000
1 976 0.057772 6925223723008.000000
1 18 0.001068 48086265856.000000
2 28 0.001662 396507283456.000000
1 22 0.001306 391605420032.000000
2 17 0.001010 147685654528.000000
2 85 0.005058 42457732.000000
2 8 0.000485 22584238080.000000
3 18 0.001095 39428083712.000000
2 53 0.003225 450465529856.000000
2 2 0.000122 364567.031250
2 16 0.000977 28680419328.000000
2 12 0.000733 205348306944.000000
2 12 0.000733 2008333056.000000
2 4 0.000245 5934339.500000
3 28 0.001716 84338688000.000000
2 16 0.000981 266101260288.000000
2 7 0.000429 5938466.000000
2 39 0.002391 470554083328.000000
2 10 0.000613 632293760.000000
3 12 0.000737 129439965184.000000
3 12 0.000737 289882570752.000000
2 25 0.001538 164933206016.000000
2 33 0.002030 57224110080.000000
2 34 0.002091 75075944448.000000
2 22 0.001354 36734148608.000000
2 6 0.000369 30446561280.000000
2 28 0.001724 94473830400.000000
2 34 0.002094 711581433856.000000
2 4 0.000247 19481392.000000
2 7 0.000432 1465224832.000000
2 18 0.001112 882599067648.000000
2 3 0.000185 1086969344.000000
2 2 0.000124 482402.937500
2 39 0.002410 667577221120.000000
2 21 0.001298 5652706816.000000
2 33 0.002044 1120347488256.000000
3 25 0.001549 385164804096.000000
3 1 0.000062 183755.687500
3 42 0.002604 184335646720.000000
3 1 0.000062 184492.546875
3 1 0.000062 185789.171875
3 35 0.002173 451806461952.000000
2 19 0.001181 17608345600.000000
2 4 0.000249 1078939.375000
2 25 0.001554 229840584704.000000
2 8 0.000497 2217788.250000
2 19 0.001182 21326954496.000000
2 19 0.001182 342394109952.000000
2 7 0.000436 8115965.500000
2 23 0.001432 56469536768.000000
2 25 0.001556 11814537216.000000
2 828 0.051579 6530474180608.000000
2 5 0.000312 7323277.500000
2 610 0.038016 3918354972672.000000
2 1 0.000062 353882.687500
2 4 0.000249 1128623.000000
2 6 0.000374 6838297.500000
2 3 0.000187 557111.000000
2 1 0.000062 202280.453125
2 1 0.000062 202584.328125
2 15 0.000936 32751831040.000000
2 65 0.004055 1231746367488.000000
2 1 0.000062 203091.593750
2 31 0.001934 356765925376.000000
2 19 0.001186 31702458368.000000
2 1 0.000063 212869.781250
2 3 0.000188 84234256.000000
3 1 0.000063 222784.234375
3 1 0.000063 223342.312500
2 1 0.000063 223565.656250
3 1 0.000063 224576.250000
2 1 0.000063 224237.703125
2 1 0.000063 225362.250000
2 1 0.000063 239784.406250
2 1 0.000063 245857.640625
2 1 0.000063 246103.750000
2 1 0.000063 246844.281250
3 1 0.000063 246967.515625
2 1 0.000064 275010.343750
2 21 0.001343 72223014912.000000
2 26 0.001662 221650026496.000000
3 5 0.000320 15591520.000000
2 33 0.002111 60948852736.000000
2 10 0.000640 123292728.000000
3 5 0.000320 18935586816.000000
2 19 0.001218 12874563584.000000
2 9 0.000577 50960224.000000
3 12 0.000770 7120777216.000000
2 62 0.004027 72149753856.000000
2 13 0.000845 26864220160.000000
2 7 0.000455 4082702336.000000
2 2 0.000130 11941458.000000
2 14 0.000910 26869544960.000000
2 9 0.000585 10515658752.000000
2 11 0.000715 5638239744.000000
2 10 0.000650 26863421440.000000
2 2 0.000130 185362.015625
2 1 0.000065 371466.781250
2 4 0.000260 38587711488.000000
2 24 0.001561 4174060032.000000
2 2 0.000130 619300.062500
2 234 0.015226 1530588168192.000000
2 1 0.000065 1205995.125000
2 2 0.000130 639351.937500
2 3 0.000195 1372403.375000
2 3 0.000195 381828.968750
2 3 0.000195 1167779.375000
2 2 0.000130 5692300.500000
2 6 0.000391 21704708.000000
2 6 0.000391 130814345216.000000
2 48 0.003128 1387555979264.000000
2 2 0.000130 1477114.750000
2 1 0.000065 389741.406250
2 1 0.000065 389936.281250
2 2 0.000130 653408.437500
2 8 0.000522 22343100.000000
2 5 0.000326 8581757.000000
2 39 0.002544 477580034048.000000
3 1 0.000065 402219.875000
4 1 0.000065 403832.781250
3 12 0.000784 80256532480.000000
3 1 0.000065 410760.093750
2 295 0.019304 1854153555968.000000
2 269 0.017604 2293646229504.000000
2 6 0.000393 27364640.000000
2 9 0.000589 11831562240.000000
2 24 0.001572 22427422720.000000
2 2 0.000131 5781206.500000
2 4 0.000262 8233086.500000
2 13 0.000853 508515581952.000000
2 1 0.000066 428388.437500
2 4 0.000262 2517834.500000
2 17 0.001116 162228551680.000000
2 19 0.001249 20998340608.000000
2 3 0.000197 1168579.000000
2 8 0.000526 49915416.000000
3 2 0.000132 1260039.500000
3 6 0.000395 3020765696.000000
2 7 0.000460 951863.375000
2 8 0.000526 64714540.000000
2 1 0.000066 444099.375000
2 19 0.001250 371904774144.000000
2 8 0.000526 162124972032.000000
2 47 0.003092 73514303488.000000
2 1 0.000066 446326.562500
2 1 0.000066 708248.250000
2 1 0.000066 447220.562500
2 1 0.000066 447892.406250
2 1 0.000066 448116.343750
2 62 0.004080 584733097984.000000
2 11 0.000724 231929184256.000000
2 16 0.001060 35685425152.000000
2 6 0.000398 14684204.000000
2 12 0.000796 653084983296.000000
2 12 0.000797 9159360512.000000
2 2 0.000133 517559.718750
1 10 0.000665 2159895040.000000
2 4 0.000266 14289724.000000
1 18 0.001197 135367663616.000000
2 2 0.000133 5281912.000000
1 2 0.000133 523025.687500
2 2 0.000133 5321207.500000
1 4 0.000266 7430157.000000
2 62 0.004125 727402676224.000000
2 34 0.002262 217123143680.000000
2 3 0.000200 22616516608.000000
3 7 0.000466 1437927808.000000
3 9 0.000599 18831162.000000
2 13 0.000874 128791461888.000000
2 1 0.000067 626544.937500
2 27 0.001818 22513817600.000000
2 13 0.000876 167730888704.000000
2 17 0.001145 236279660544.000000
2 2 0.000135 3987079424.000000
2 4 0.000270 1173900544.000000
2 15 0.001011 62448041984.000000
2 1 0.000067 644990.125000
2 38 0.002564 1262008926208.000000
2 3 0.000203 2649366.000000
2 49 0.003308 1511711309824.000000
2 15 0.001014 476298903552.000000
4 6 0.000406 63930368000.000000
1 1 0.000068 665308.250000
1 1 0.000068 666307.750000
1 1 0.000068 666640.937500
1 12 0.000812 10543691776.000000
1 6 0.000406 52326035456.000000
1 11 0.000744 21559773184.000000
1 17 0.001150 554831642624.000000
1 2 0.000135 679434.625000
1 6 0.000406 10532122624.000000
2 4 0.000271 15388516.000000
2 28 0.001898 1130363879424.000000
2 5 0.000339 9150699.000000
2 2 0.000136 9383756.000000
1 37 0.002509 136528412672.000000
2 7 0.000475 29340844.000000
1 29 0.001968 359314980864.000000
2 3 0.000204 2770806.000000
3 20 0.001359 141908459520.000000
2 2 0.000136 1812890.375000
2 301 0.020466 1700950704128.000000
2 3 0.000204 2919624.500000
2 3 0.000204 51277197312.000000
2 39 0.002653 1107027951616.000000
2 37 0.002518 362135977984.000000
2 4 0.000272 2805403.000000
2 6 0.000408 67982966784.000000
2 15 0.001021 14032282624.000000
2 37 0.002518 169013886976.000000
2 8 0.000545 152033263616.000000
2 20 0.001361 142047641600.000000
2 1 0.000068 732013.312500
2 10 0.000681 81873641472.000000
2 1 0.000068 733847.000000
2 4 0.000272 5624212.500000
2 1 0.000068 734580.875000
2 39 0.002656 64023048192.000000
2 32 0.002180 175914123264.000000
1 1 0.000068 736789.000000
1 1 0.000068 738265.500000
2 2 0.000136 32211420.000000
2 17 0.001158 155672330240.000000
1 84 0.005722 2134916333568.000000
2 4 0.000273 16182747.000000
2 7 0.000477 12102839.000000
2 20 0.001363 41241755648.000000
2 31 0.002113 442438582272.000000
2 26 0.001773 62329016320.000000
2 21 0.001432 173303414784.000000
2 26 0.001773 62329020416.000000
3 13 0.000889 69246689280.000000
2 3 0.000206 839552.250000
2 2 0.000138 1334209.625000
2 17 0.001174 15541047296.000000
2 15 0.001036 4435190272.000000
3 1 0.000069 889265.312500
2 22 0.001519 403178553344.000000
2 13 0.000899 15935161344.000000
2 25 0.001729 114383495168.000000
2 11 0.000762 3073935872.000000
1 2 0.000138 927429.375000
2 6 0.000419 19948770.000000
2 8 0.000559 70180413440.000000
1 202 0.014123 242817695744.000000
2 4 0.000280 2780306.750000
1 190 0.013314 2079566462976.000000
3 1 0.000070 1099930.500000
3 1 0.000070 1100480.500000
3 1 0.000070 1104893.500000
2 2 0.000141 9199323.000000
2 57 0.004007 1925558566912.000000
2 5 0.000352 11722250240.000000
2 50 0.003526 524523831296.000000
2 4 0.000282 20486496.000000
2 4 0.000282 35359772.000000
2 3 0.000212 15227532.000000
2 17 0.001200 332272762880.000000
2 2 0.000142 8003710.000000
2 2 0.000142 21242934.000000
2 5 0.000354 35130000.000000
2 6 0.000425 110483952.000000
2 11 0.000780 668055699456.000000
2 27 0.001918 75015880704.000000
2 5 0.000356 1439097856.000000
3 1 0.000071 1424578.500000
3 1 0.000071 1431722.875000
3 2 0.000143 10563590144.000000
2 4 0.000286 19194316.000000
3 4 0.000286 2187718.250000
2 5 0.000358 16442760192.000000
2 3 0.000215 7086385.000000
2 18 0.001288 217498910720.000000
2 6 0.000430 71903056.000000
2 11 0.000787 188558442496.000000
2 13 0.000931 328574173184.000000
2 10 0.000716 2297819648.000000
2 19 0.001368 18671278080.000000
2 14 0.001009 535184605184.000000
2 3 0.000217 12563793.000000
2 1 0.000072 1655248.250000
2 1 0.000072 1656905.250000
2 22 0.001589 1240526094336.000000
2 47 0.003394 95444025344.000000
2 32 0.002312 541655400448.000000
3 10 0.000723 140884262912.000000
2 25 0.001814 254551654400.000000
2 27 0.001966 243882885120.000000
2 14 0.001020 63194533888.000000
2 3 0.000219 1883281.250000
2 8 0.000583 133055936.000000
2 34 0.002492 64616173568.000000
2 2 0.000147 6953912.500000
2 18 0.001321 143551528960.000000
2 1 0.000073 2056613.375000
2 1 0.000073 2057641.125000
2 4 0.000294 2932092160.000000
2 89 0.006531 938989977600.000000
2 3 0.000220 11837481.000000
2 22 0.001615 897350107136.000000
2 9 0.000661 14552404992.000000
2 15 0.001102 9927095296.000000
3 6 0.000441 1594629760.000000
2 25 0.001837 14407587840.000000
3 7 0.000514 56540884.000000
3 42 0.003086 519363854336.000000
2 1 0.000074 2106592.250000
2 1 0.000074 2109757.000000
2 1 0.000074 2110812.000000
2 54 0.003970 734824431616.000000
1 1 0.000074 2115039.750000
3 2 0.000147 9702461.000000
3 8 0.000588 18313900.000000
3 38 0.002795 58775113728.000000
2 2 0.000147 10313974.000000
2 4 0.000294 21549678.000000
2 1 0.000074 2159948.000000
2 3 0.000221 29769408.000000
2 43 0.003168 216780505088.000000
2 6 0.000443 52269305856.000000
2 11 0.000812 58522136576.000000
2 34 0.002509 257281130496.000000
1 30 0.002248 126919270400.000000
1 1384 0.104880 5088504971264.000000
2 386 0.029450 5706882744320.000000
1 27 0.002117 411663794176.000000
1 11 0.000862 3345426944.000000
1 438 0.035116 6823087177728.000000
1 322 0.025859 1740409012224.000000
1 265 0.022034 1993529884672.000000
3 1 0.000084 7839924.500000
3 1 0.000084 7843844.500000
2 24 0.002033 629874688000.000000
2 1 0.000085 8438171.000000
2 6 0.000509 283402305536.000000
2 6 0.000511 56686624768.000000
2 4 0.000341 188249063424.000000
1 3 0.000257 26859436032.000000
1 4 0.000343 4797920.500000
2 1 0.000086 16516075.000000
1 1 0.000086 23603720.000000
2 1 0.000086 9677795.000000
1 4 0.000343 30572422.000000
2 3 0.000257 6790223360.000000
2 2 0.000172 32602930.000000
2 31 0.002660 16219966464.000000
2 6 0.000518 134200123392.000000
2 3 0.000260 32140195840.000000
2 10 0.000869 99838803968.000000
2 5 0.000435 1709221888.000000
2 22 0.001913 83400884224.000000
2 14 0.001218 9944729600.000000
1 16 0.001415 864958480384.000000
1 4 0.000355 13853222.000000
3 5 0.000443 63478177792.000000
3 1 0.000089 13943546.000000
1 1 0.000089 13999460.000000
1 37 0.003283 401149362176.000000
3 7 0.000622 14718139392.000000
2 5 0.000445 3987171328.000000
3 10 0.000890 118683099136.000000
2 2 0.000178 14104078336.000000
2 28 0.002496 611213180928.000000
2 364 0.032474 5783004643328.000000
3 1 0.000089 15090362.000000
3 1 0.000089 15105468.000000
2 34 0.003040 1860496916480.000000
2 14 0.001252 190190714880.000000
2 20 0.001789 213206138880.000000
3 15 0.001345 37386575872.000000
2 7 0.000628 56042672128.000000
2 10 0.000898 584808464384.000000
2 2 0.000180 66154016.000000
2 2 0.000180 24632578.000000
2 8 0.000720 41775804416.000000
2 3 0.000270 54258676.000000
2 68 0.006126 1719815241728.000000
2 57 0.005135 1081097453568.000000
1 245 0.022096 2762003447808.000000
3 1 0.000090 16829122.000000
4 1 0.000090 16879710.000000
2 31 0.002806 529951260672.000000
2 12 0.001086 64402460672.000000
2 67 0.006065 977551622144.000000
2 24 0.002176 254449958912.000000
2 18 0.001633 31597893632.000000
2 17 0.001542 369295327232.000000
2 59 0.005357 744281473024.000000
2 15 0.001404 31894353920.000000
3 1 0.000094 25593040.000000
2 29 0.002736 140142690304.000000
2 1 0.000094 26399260.000000
2 3 0.000283 611048384.000000
2 37 0.003491 32701794304.000000
2 11 0.001038 158964678656.000000
2 8 0.000757 13406349312.000000
2 1 0.000095 27614982.000000
2 15 0.001423 384945291264.000000
2 4 0.000380 4172557824.000000
3 1 0.000095 28371128.000000
4 1 0.000095 28513410.000000
2 6 0.000572 123960549376.000000
2 18 0.001718 339020578816.000000
2 26 0.002481 519719157760.000000
2 21 0.002018 11636269056.000000
2 1 0.000096 31608498.000000
2 9 0.000865 35484303360.000000
2 16 0.001539 63948103680.000000
2 17 0.001637 23239899136.000000
3 1 0.000097 33113784.000000
3 1 0.000097 33396582.000000
2 9 0.000877 94595424256.000000
2 22 0.002152 1183497977856.000000
2 1 0.000100 44683268.000000
1 2 0.000200 46507760.000000
2 1 0.000100 47972824.000000
2 2 0.000201 170239760.000000
2 1 0.000101 48746952.000000
2 19 0.001913 367774760960.000000
2 1 0.000101 49533572.000000
4 1 0.000102 53500404.000000
2 23 0.002340 37319733248.000000
2 2 0.000204 1240615552.000000
2 12 0.001222 570918830080.000000
2 37 0.003798 137433088000.000000
2 8 0.000822 198952370176.000000
2 18 0.001851 1317951897600.000000
2 13 0.001337 236095537152.000000
2 19 0.001954 55151849472.000000
2 2 0.000206 59426588.000000
2 1 0.000103 59694768.000000
2 4 0.000412 188287041536.000000
2 13 0.001339 538712473600.000000
2 13 0.001339 808647393280.000000
2 9 0.000927 63103619072.000000
2 9 0.000928 102542082048.000000
2 1 0.000103 60415784.000000
2 1 0.000103 60445992.000000
2 29 0.002990 1635169861632.000000
2 3 0.000309 63797833728.000000
1 8 0.000825 465047584768.000000
1 25 0.002579 1269335326720.000000
3 17 0.001754 493225639936.000000
3 5 0.000516 247188226048.000000
2 14 0.001445 592248569856.000000
2 3 0.000310 38632386560.000000
3 5 0.000517 39238397952.000000
3 6 0.000620 52219609088.000000
2 13 0.001345 90819469312.000000
2 67 0.006934 1580368920576.000000
2 9 0.000932 136433287168.000000
3 6 0.000622 16395563008.000000
2 23 0.002386 163992010752.000000
3 26 0.002698 119687741440.000000
3 12 0.001245 56090341376.000000
2 7 0.000727 261871091712.000000
2 3 0.000312 60413853696.000000
2 9 0.000935 157320642560.000000
2 7 0.000727 172361400320.000000
2 15 0.001560 988099182592.000000
3 10 0.001040 39470096384.000000
2 1 0.000104 10460421120.000000
2 7 0.000729 108775178240.000000
3 12 0.001250 272923803648.000000
2 12 0.001250 102049513472.000000
3 1 0.000104 66439908.000000
3 1 0.000104 66473128.000000
3 14 0.001458 85524774912.000000
3 24 0.002501 194770501632.000000
2 11 0.001152 170165059584.000000
3 7 0.000742 75665055744.000000
2 13 0.001379 180077150208.000000
3 1 0.000106 79192792.000000
3 4 0.000425 7650202624.000000
2 8 0.000849 99453730816.000000
2 8 0.000849 458950901760.000000
3 12 0.001275 118935928832.000000
3 11 0.001168 64393560064.000000
2 1 0.000106 80149320.000000
3 20 0.002133 192636846080.000000
3 10 0.001067 313605455872.000000
3 1 0.000107 82839736.000000
2 1 0.000107 85278496.000000
1 26 0.002801 297656549376.000000
2 1 0.000108 90283152.000000
1 132 0.014238 1604122443776.000000
2 1 0.000108 91282256.000000
1 114 0.012308 2201981026304.000000
1 5 0.000540 185057296.000000
1 2 0.000216 140821376.000000
1 168 0.018156 2167406198784.000000
1 77 0.008328 1195938414592.000000
1 6 0.000649 277126447104.000000
1 38 0.004111 471110942720.000000
1 2 0.000216 94318064.000000
1 3 0.000325 40930574336.000000
1 233 0.025216 4568297504768.000000
1 5 0.000542 1891255424.000000
1 157 0.017010 2027146575872.000000
3 1 0.000108 93313744.000000
1 161 0.017470 3577424117760.000000
2 6 0.000652 495107744.000000
2 54 0.005870 609192247296.000000
2 1 0.000109 95342776.000000
2 37 0.004023 2290155264.000000
2 1 0.000109 95677472.000000
2 2 0.000218 95725096.000000
2 1 0.000109 95868832.000000
2 2 0.000218 96012848.000000
2 1 0.000109 96157016.000000
1 1 0.000109 97468528.000000
1 125 0.013621 2204210823168.000000
2 1 0.000109 97318432.000000
2 1 0.000109 97562336.000000
1 129 0.014063 3130499792896.000000
1 180 0.019625 2043928117248.000000
1 276 0.030092 4848576102400.000000
2 1 0.000109 97904392.000000
2 1 0.000109 98002392.000000
2 1 0.000109 98198792.000000
1 397 0.043737 5750090891264.000000
1 241 0.026551 2935205396480.000000
1 186 0.020614 967288225792.000000
1 847 0.094605 14125639925760.000000
2 137 0.015342 2156870369280.000000
1 76 0.008539 1332714930176.000000
2 1 0.000113 116872072.000000
1 329 0.037209 5115363196928.000000
2 1 0.000113 117458192.000000
3 1 0.000113 117988256.000000
2 1 0.000113 118047248.000000
3 1 0.000113 118165416.000000
3 1 0.000113 118402216.000000
1 60 0.006794 309075902464.000000
3 8 0.000925 747418091520.000000
1 34 0.003933 14097915904.000000
3 6 0.000695 1123361152.000000
2 55 0.006388 1240976195584.000000
2 2 0.000234 228876048.000000
2 3 0.000351 48328314880.000000
3 3 0.000354 23445940224.000000
2 538 0.063782 6223064203264.000000
2 91 0.011122 2199415422976.000000
1 3 0.000370 466068544.000000
1 6 0.000741 2160504064.000000
1 2 0.000247 355945600.000000
1 914 0.113385 13023597035520.000000
2 2 0.000249 417115936.000000
2 8 0.000997 32680261632.000000
2 27 0.003364 116642611200.000000
1 260 0.032508 2375757594624.000000
3 1 0.000125 257359696.000000
3 10 0.001252 20706654208.000000
3 3 0.000376 433259968.000000
2 329 0.041332 5364235894784.000000
2 1 0.000126 270020736.000000
2 1 0.000126 271103520.000000
2 1 0.000126 271374880.000000
2 1 0.000126 278248256.000000
2 1 0.000126 278666272.000000
2 1 0.000126 278805600.000000
2 1 0.000127 282314432.000000
2 1 0.000127 282738304.000000
2 1 0.000127 285010432.000000
2 1 0.000127 285438592.000000
2 1 0.000127 285581312.000000
3 4 0.000509 2264428544.000000
2 109 0.014075 1865697198080.000000
2 13 0.001691 214942384128.000000
3 1 0.000130 345890752.000000
3 1 0.000130 346063680.000000
3 14 0.001821 274866929664.000000
3 5 0.000650 8916060160.000000
3 13 0.001692 1365902360576.000000
3 16 0.002085 590605123584.000000
2 23 0.002998 998197166080.000000
3 30 0.003922 554947379200.000000
2 320 0.041896 4315934359552.000000
3 2 0.000262 68345593856.000000
3 31 0.004061 1791298371584.000000
1 127 0.017400 2422809034752.000000
1 70 0.009601 511328714752.000000
1 44 0.006041 434514821120.000000
1 2 0.000275 4184869376.000000
1 9 0.001236 11273255936.000000
1 115 0.015823 2612480180224.000000
1 129 0.017786 3443567099904.000000
1 71 0.009809 1776288268288.000000
1 99 0.013702 2651924463616.000000
1 55 0.007614 374076309504.000000
1 118 0.016334 1507099017216.000000
1 70 0.009693 1743638364160.000000
1 146 0.020216 3272287977472.000000
1 96 0.013295 1517783875584.000000
1 255 0.035323 4513630519296.000000
1 193 0.026787 3240376139776.000000
1 131 0.018192 3217435656192.000000
1 29 0.004030 1296025387008.000000
1 155 0.021552 3430316244992.000000
1 65 0.009043 1114629603328.000000
1 165 0.022958 3825117167616.000000
1 147 0.020454 3553313947648.000000
1 132 0.018384 2939777974272.000000
1 226 0.031481 3944400027648.000000
1 208 0.028973 2592035569664.000000
1 255 0.035530 5082937556992.000000
1 8 0.001118 133612994560.000000
1 199 0.027805 2917336088576.000000
2 1 0.000144 590452992.000000
2 6 0.000919 86695886848.000000
2 1 0.000155 938348736.000000
3 9 0.001412 4300690944.000000
3 11 0.001726 15760132096.000000
4 3 0.000480 15831020544.000000
2 6 0.000962 92112642048.000000
2 20 0.003208 312192434176.000000
4 1 0.000164 1322518656.000000
1 179 0.029577 3992268308480.000000
3 3 0.000522 13094635520.000000
3 3 0.000522 10783644672.000000
3 10 0.001742 25235933184.000000
4 1 0.000178 1968431872.000000
2 1 0.000179 2017278080.000000
4 1 0.000179 2033489152.000000
3 7 0.001256 60986986496.000000
2 1 0.000180 2041643520.000000
3 1 0.000180 2043687168.000000
2 1 0.000180 2051882368.000000
3 1 0.000180 2053936384.000000
2 1 0.000180 2068371584.000000
3 1 0.000180 2070442112.000000
2 1 0.000180 2095449600.000000
3 1 0.000180 2097547136.000000
1 30 0.005521 1521650499584.000000
2 134 0.024660 2049034158080.000000
2 3 0.000554 34576535552.000000
3 3 0.000564 36138708992.000000
3 6 0.001136 21353521152.000000
3 2 0.000383 3857606656.000000
3 16 0.003128 862112579584.000000
2 45 0.008820 1195023794176.000000
2 1 0.000198 2923948032.000000
2 1 0.000198 2928340480.000000
2 11 0.002218 94137344000.000000
2 9 0.001910 10969856000.000000
2 12 0.002547 168551415808.000000
2 4 0.000849 10047893504.000000
2 18 0.003820 577819770880.000000
2 5 0.001061 12446797824.000000
2 3 0.000638 42948976640.000000
2 31 0.006697 1424441606144.000000
3 3 0.000655 82622881792.000000
2 12 0.002630 35588820992.000000
2 4 0.000878 7095606272.000000
2 9 0.001975 16186620928.000000
2 1 0.000219 4733552640.000000
2 7 0.001536 91993104384.000000
2 1 0.000219 4745410560.000000
2 1 0.000220 4747782144.000000
2 11 0.002415 38686105600.000000
2 1 0.000220 4757291520.000000
2 7 0.001537 143229812736.000000
3 5 0.001099 53869600768.000000
3 15 0.003297 32157386752.000000
3 7 0.001539 20682299392.000000
2 11 0.002423 37065003008.000000
2 7 0.001544 729231654912.000000
2 5 0.001104 18091814912.000000
2 7 0.001545 13794122752.000000
1 2 0.000442 8132016128.000000
1 40 0.008840 1724419407872.000000
2 4 0.000886 62677733376.000000
2 2 0.000444 56430931968.000000
3 3 0.000691 9218237440.000000
4 1 0.000238 6641547776.000000
4 1 0.000240 6878238208.000000
1 91 0.021954 2838204514304.000000
2 4 0.000965 97820598272.000000
2 1 0.000242 7031313408.000000
1 80 0.019375 2382883717120.000000
1 44 0.010661 1528160714752.000000
2 1 0.000242 7066575872.000000
2 6 0.001455 328059158528.000000
2 2 0.000487 18024642560.000000
2 1 0.000244 7216619008.000000
2 3 0.000734 47957266432.000000
3 1 0.000246 7503773696.000000
3 6 0.001543 483893608448.000000
2 4 0.001040 65316483072.000000
4 2 0.000520 13060027392.000000
2 1 0.000261 8640640000.000000
4 1 0.000265 9239706624.000000
1 638 0.171183 21412699963392.000000
2 99 0.026563 5090299084800.000000
3 11 0.003109 160905068544.000000
2 1 0.000288 12129569792.000000
2 3 0.000869 35438452736.000000
3 10 0.003018 173308739584.000000
3 20 0.006064 690230525952.000000
2 31 0.009636 1008339976192.000000
3 1 0.000353 20736892928.000000
2 1 0.000353 31639730176.000000
1 6 0.002125 415727157248.000000
3 1 0.000355 21071521792.000000
2 12 0.004258 136200364032.000000
2 2 0.000715 22373978112.000000
2 14 0.005020 1131940675584.000000
3 1 0.000360 21844310016.000000
1 19 0.006842 966074826752.000000
2 3 0.001109 117546344448.000000
2 1 0.000370 23452473344.000000
2 36 0.013333 2317420331008.000000
2 9 0.003395 363554111488.000000
3 5 0.001887 107609300992.000000
3 1 0.000378 24754393088.000000
2 3 0.001167 157273751552.000000
2 2 0.000790 48747339776.000000
3 1 0.000396 27717376000.000000
3 1 0.000396 27800694784.000000
3 1 0.000398 28164646912.000000
2 9 0.003626 271235268608.000000
3 1 0.000403 28906905600.000000
3 1 0.000405 29197572096.000000
3 1 0.000405 29285339136.000000
1 4 0.001632 75394834432.000000
1 5 0.002042 204004589568.000000
2 2 0.000818 44615446528.000000
2 3 0.001227 44689776640.000000
2 3 0.001229 59951513600.000000
1 9 0.003689 418920628224.000000
2 5 0.002051 91797577728.000000
2 1 0.000410 29877241856.000000
1 3 0.001231 44973350912.000000
1 4 0.001643 75991302144.000000
2 3 0.001238 61040959488.000000
2 6 0.002476 218183155712.000000
2 1 0.000413 30450626560.000000
1 4 0.001654 30481106944.000000
2 3 0.001244 61886644224.000000
2 1 0.000415 30787600384.000000
1 2 0.000830 30818420736.000000
1 2 0.000831 92264595456.000000
2 1 0.000416 31066079232.000000
1 1 0.000416 31097178112.000000
2 2 0.000835 82737823744.000000
1 5 0.002091 359440154624.000000
2 1 0.000419 31504283648.000000
1 2 0.000837 47890190336.000000
1 1 0.000419 31630616576.000000
1 3 0.001259 187129298944.000000
2 4 0.001681 223387828224.000000
2 3 0.001262 104536735744.000000
2 1 0.000421 32012662784.000000
2 2 0.000844 48447213568.000000
2 2 0.000844 48463261696.000000
1 1 0.000422 32141035520.000000
2 2 0.000846 143117205504.000000
2 17 0.007203 1412192927744.000000
2 1 0.000424 32594401280.000000
1 8 0.003400 167357661184.000000
3 1 0.000442 35523112960.000000
3 6 0.002664 192583827456.000000
3 1 0.000444 36042280960.000000
4 1 0.000467 39974535168.000000
3 3 0.001421 87425744896.000000
4 1 0.000479 42151452672.000000
2 22 0.010984 1091616833536.000000
2 2 0.001005 112436412416.000000
2 3 0.001509 123463761920.000000
2 6 0.003027 211401162752.000000
2 9 0.004555 334700904448.000000
5 1 0.000556 55169138688.000000
2 9 0.005051 476530802688.000000
2 4 0.002357 158700339200.000000
2 5 0.002960 208169385984.000000
2 7 0.004152 275087818752.000000
2 4 0.002375 353244971008.000000
2 10 0.005942 384354942976.000000
2 1 0.000596 62082412544.000000
2 1 0.000596 62175678464.000000
2 1 0.000597 62206767104.000000
2 11 0.006571 905524019200.000000
2 1 0.000627 66920161280.000000
2 2 0.001257 142952071168.000000
2 1 0.000638 68615110656.000000
2 27 0.017810 1744397402112.000000
2 1 0.000668 73666510848.000000
2 2 0.001549 227627614208.000000
3 1 0.000795 91804229632.000000
2 2 0.001661 221537566720.000000
2 1 0.000837 97923940352.000000
1 1 0.000838 97972903936.000000
1 3 0.002513 215025532928.000000
2 1 0.000845 98958041088.000000
2 9 0.007601 492519653376.000000
2 3 0.002540 158795448320.000000
2 2 0.001695 232993193984.000000
2 9 0.007640 729346473984.000000
2 7 0.005973 411214610432.000000
2 1 0.000867 102126485504.000000
2 4 0.003472 283349876736.000000
2 16 0.013889 1234521423872.000000
2 5 0.004363 384157483008.000000
3 13 0.011354 1048976097280.000000
2 10 0.008764 743410696192.000000
2 17 0.014912 1448840790016.000000
2 13 0.011414 1123015720960.000000
2 17 0.014938 1547860836352.000000
2 4 0.003530 328696365056.000000
2 7 0.006184 186884423680.000000
2 2 0.001768 168487698432.000000
1 7 0.006686 677003395072.000000
3 1 0.000962 112590848000.000000
3 1 0.000974 113950769152.000000
2 1 0.000974 114064826368.000000
2 1 0.000974 114179006464.000000
1 1 0.000978 114924011520.000000
2 1 0.000979 114981470208.000000
2 1 0.000985 115442548736.000000
2 1 0.000988 116137631744.000000
2 1 0.000992 116895883264.000000
2 5 0.004970 391649361920.000000
3 1 0.000995 116836909056.000000
2 1 0.000995 117071044608.000000
2 1 0.000996 117129551872.000000
4 1 0.000997 117188116480.000000
1 16 0.015968 1237208793088.000000
2 5 0.005035 313603719168.000000
3 4 0.004028 444902604800.000000
1 7 0.007078 655074656256.000000
2 10 0.010132 1017862422528.000000
2 8 0.008222 816448864256.000000
1 7 0.007254 312183881728.000000
1 1 0.001044 121851125760.000000
2 2 0.002099 183724195840.000000
2 1 0.001052 122707501056.000000
3 1 0.001058 184891850752.000000
2 3 0.003178 315266662400.000000
1 6 0.006369 617568600064.000000
3 1 0.001063 124065415168.000000
3 8 0.008639 821784346624.000000
2 17 0.018519 831062736896.000000
2 9 0.009879 863009832960.000000
2 7 0.007701 728171544576.000000
2 1 0.001247 140593332224.000000
3 2 0.002500 211630243840.000000
3 1 0.001253 141298401280.000000
2 5 0.006502 572568109056.000000
3 4 0.005222 491857182720.000000
3 1 0.001309 145458167808.000000
4 1 0.001309 145603772416.000000
2 6 0.008097 613691555840.000000
3 1 0.001351 148249706496.000000
3 16 0.021622 790278045696.000000
3 2 0.002710 288396345344.000000
2 14 0.018970 668123660288.000000
2 17 0.023066 1021652041728.000000
2 1 0.001366 149740535808.000000
3 1 0.001370 149740388352.000000
3 1 0.001370 149890285568.000000
2 19 0.026027 778372775936.000000
3 1 0.001374 150190522368.000000
3 5 0.006868 489328312320.000000
2 10 0.013755 1083810775040.000000
2 5 0.006887 489478815744.000000
3 1 0.001414 152919801856.000000
3 1 0.001414 153149521920.000000
2 1 0.001416 153226100736.000000
2 9 0.012748 773025562624.000000
4 2 0.002849 153609879552.000000
2 2 0.002849 287379619840.000000
3 11 0.015670 907762270208.000000
3 9 0.012839 966481281024.000000
2 10 0.014327 1344697925632.000000
3 6 0.008658 497879023616.000000
3 1 0.001451 155698675712.000000
3 1 0.001451 155854536704.000000
3 7 0.010160 500432207872.000000
3 1 0.001650 168504442880.000000
2 10 0.017699 500823359488.000000
2 8 0.014363 591980331008.000000
1 1 0.002070 187638317056.000000
4 1 0.002075 187732131840.000000
3 1 0.002075 188108357632.000000
3 1 0.002083 188108161024.000000
3 1 0.002137 189620011008.000000
3 1 0.002146 189619830784.000000
3 1 0.002146 189809639424.000000
2 1 0.002155 190380212224.000000
2 1 0.002155 190570774528.000000
2 1 0.002165 190952488960.000000
2 7 0.015152 191335153664.000000
2 2 0.004348 191334973440.000000
2 1 0.002174 191526502400.000000
1 1 0.002370 195495378944.000000
5 1 0.002387 195984916480.000000
4 1 0.002387 196181082112.000000
3 1 0.003155 215526785024.000000
2 1 0.003497 220985638912.000000
2 1 0.003497 221206839296.000000
2 1 0.003497 221650141184.000000
3 1 0.003534 221649928192.000000
4 1 0.003534 221871783936.000000
3 1 0.003534 222205100032.000000
4 1 0.003546 222316199936.000000
2 6 0.026432 725160886272.000000
2 5 0.022727 725890301952.000000
1 8 0.037037 935468466176.000000
2 1 0.005525 237729677312.000000
2 1 0.005525 237967654912.000000
2 4 0.022099 490412933120.000000
4 1 0.005780 239400468480.000000
1 7 0.042683 922272858112.000000
2 2 0.012422 377885425664.000000
2 1 0.006250 242292031488.000000
2 2 0.012987 373346533376.000000
2 9 0.059603 1067195760640.000000
3 1 0.006667 244483604480.000000
2 1 0.009434 254211801088.000000
2 1 0.009434 254593679360.000000
3 1 0.009524 254720983040.000000
2 1 0.009524 255103631360.000000
3 1 0.009615 255231180800.000000
2 1 0.009615 255614599168.000000
4 1 0.009709 255742410752.000000
2 3 0.033708 400172449792.000000
1 2 0.023810 400821157888.000000
1 2 0.024691 402005098496.000000
1 2 0.025000 262220627968.000000
2 1 0.012987 262613762048.000000
2 1 0.015873 265652682752.000000
1 1 0.015873 266051764224.000000
2 1 0.016129 266184785920.000000
1 1 0.016129 266718232576.000000
1 1 0.016393 266851516416.000000
1 1 0.017241 267921997824.000000
2 1 0.019608 269669531648.000000
2 6 0.162162 967891812352.000000
2 1 0.027027 272381116416.000000
2 1 0.045455 276776484864.000000
3 3 0.300000 279279992832.000000
2 1 0.100000 279559536640.000000
2 4 0.400000 280541429760.000000
3 1 0.200000 280399904768.000000
2 1 0.200000 280821104640.000000
2 1 0.250000 280961515520.000000
1 1 0.500000 281524305920.000000
