1 565 0.005068 446590.375000
2 329 0.002951 194604.828125
1 23397 0.209972 200755808.000000
2 475 0.004263 0.000108
2 2150 0.019295 10558048.000000
2 7687 0.068989 98196424.000000
2 1 0.000009 0.000000
2 8 0.000072 463.642609
2 110 0.000988 1804798.750000
2 1 0.000009 0.000000
2 296 0.002658 2658445.500000
2 2225 0.019978 30914524.000000
1 46199 0.414836 456696032.000000
1 2375 0.021327 19453000.000000
1 3327 0.029876 23865130.000000
1 36174 0.324859 379538048.000000
1 41563 0.373268 435262432.000000
2 1237 0.011110 0.000098
1 4772 0.042863 50356096.000000
2 500 0.004492 48.410831
2 3362 0.030202 35944276.000000
2 1 0.000009 0.000000
1 35132 0.315603 363080608.000000
2 2313 0.020779 76870680.000000
2 36 0.000323 0.018058
1 2601 0.023368 21744640.000000
1 79 0.000710 1161567.125000
2 1 0.000009 0.000000
2 915 0.008221 26164374.000000
2 102 0.000917 1263827.625000
2 389 0.003495 3227570.000000
2 22 0.000198 355124.531250
2 85 0.000764 1431215.500000
2 3859 0.034685 40227260.000000
2 5 0.000045 0.000000
1 12 0.000108 0.000430
1 185 0.001663 10334.861328
2 3603 0.032389 37850680.000000
2 12 0.000108 0.000000
2 91 0.000818 0.001939
1 1496 0.013448 0.000016
1 181 0.001627 9823290.000000
2 21 0.000189 5629619.000000
2 28 0.000252 0.000000
2 1946 0.017497 16610286.000000
2 674 0.006061 0.005918
1 1251 0.011250 17843028.000000
2 3987 0.035855 25390042.000000
2 296 0.002662 0.000016
2 144 0.001295 10798418.000000
2 31 0.000279 0.093413
1 1788 0.016080 5414029.500000
2 4 0.000036 0.000000
2 1 0.000009 0.000000
2 387 0.003481 5035625.500000
1 3128 0.028133 56661804.000000
1 18 0.000162 0.000000
2 1 0.000009 0.000000
2 9 0.000081 0.000000
2 315 0.002834 1302592.625000
2 14 0.000126 0.000099
2 1 0.000009 0.000000
2 3 0.000027 0.000000
1 21223 0.190980 139779968.000000
2 7 0.000063 670.634094
2 25 0.000225 0.099013
2 366 0.003294 53299.894531
2 48 0.000432 183270.046875
2 1 0.000009 0.000000
2 2134 0.019208 6555228.000000
2 8 0.000072 0.000000
2 137 0.001233 334723.562500
2 1265 0.011387 48187532.000000
2 1 0.000009 0.000000
2 4 0.000036 0.000000
2 1 0.000009 0.000000
1 920 0.008282 519518.093750
2 198 0.001783 705125.375000
1 80 0.000720 112674.828125
1 73 0.000657 148397.390625
2 33 0.000297 0.000000
2 1 0.000009 0.000000
2 7 0.000063 0.000000
1 247 0.002224 257.079376
1 1723 0.015517 6752176.500000
1 228 0.002054 406110.125000
1 1239 0.011161 0.000142
2 92 0.000829 0.000014
1 1522 0.013715 44102532.000000
1 473 0.004263 12008319.000000
2 15 0.000135 0.000000
2 1528 0.013775 35533604.000000
1 209 0.001884 8476091.000000
2 273 0.002462 2119976.250000
2 32 0.000289 0.000000
1 1942 0.017520 16252029.000000
2 359 0.003239 1439034.625000
2 389 0.003510 18304.511719
2 18 0.000162 5577.536621
1 2497 0.022533 30251462.000000
1 265 0.002392 0.000000
2 5 0.000045 0.000000
2 151 0.001363 188.799835
1 1473 0.013297 297837.281250
2 39 0.000352 0.000000
2 1020 0.009211 23084320.000000
2 2453 0.022152 13619635.000000
2 972 0.008779 4511151.500000
2 86 0.000777 0.000019
1 80 0.000723 0.000008
2 776 0.007010 130741.476562
1 52 0.000470 0.000003
1 562 0.005077 0.000273
2 124 0.001121 0.000061
2 374 0.003380 0.000020
2 120 0.001085 0.000006
2 68 0.000615 0.000000
2 440 0.003978 6489207.500000
1 3244 0.029333 416734.000000
2 224 0.002027 0.000000
2 9 0.000081 0.000000
2 337 0.003050 8949378.000000
2 29 0.000263 0.000000
2 97 0.000878 2662389.500000
2 101 0.000915 60800.253906
2 531 0.004809 0.036701
2 664 0.006013 1336975.250000
2 1030 0.009329 0.034426
2 760 0.006884 16992614.000000
2 1048 0.009492 9365815.000000
2 234 0.002126 0.000000
2 1 0.000009 0.000000
2 6 0.000055 0.000000
2 7 0.000064 0.000000
2 1271 0.011552 18047150.000000
2 440 0.004009 11.285251
2 1246 0.011352 13284858.000000
2 377 0.003435 0.000037
2 95 0.000866 394101.843750
1 653 0.005951 154931.640625
1 6649 0.060597 74469240.000000
1 2016 0.018377 7950.954590
2 171 0.001559 0.000009
2 2159 0.019683 16110302.000000
1 220 0.002006 5928964.500000
2 270 0.002462 272229.062500
2 45 0.000410 0.000000
1 1257 0.011461 8198497.000000
2 27 0.000246 0.000000
1 1788 0.016302 6092438.500000
2 269 0.002453 1880442.500000
1 1673 0.015254 51184244.000000
1 1710 0.015592 47109484.000000
2 886 0.008079 25487698.000000
2 212 0.001933 0.000061
1 1666 0.015193 6313639.500000
1 355 0.003237 150679.031250
2 2691 0.024541 955505.875000
2 56 0.000511 0.000000
2 151 0.001377 146759.687500
1 8167 0.074515 0.000635
2 122 0.001113 0.000005
2 9 0.000082 0.000009
2 310 0.002831 0.000029
2 645 0.005890 712015.812500
2 81 0.000740 4433.277344
2 7880 0.071996 48215028.000000
2 64 0.000585 679972.187500
2 163 0.001490 0.000006
2 465 0.004251 206987.796875
2 140 0.001280 0.000002
2 37 0.000338 0.000000
2 1003 0.009170 737528.625000
2 24 0.000219 5.085885
2 29 0.000265 0.000075
2 697 0.006378 0.045482
1 37162 0.340184 400712768.000000
2 923 0.008451 6416154.000000
1 23826 0.218149 280218240.000000
1 186 0.001703 0.000032
2 326 0.002985 0.000001
1 2400 0.021977 13950517.000000
2 1294 0.011855 13738292.000000
2 602 0.005515 0.017830
2 987 0.009048 0.000311
2 7 0.000064 0.000000
2 531 0.004868 4649210.000000
2 185 0.001696 0.026628
2 685 0.006281 0.000020
2 660 0.006055 1851696.500000
2 132 0.001211 0.000000
1 475 0.004387 2234.650391
2 234 0.002161 6882.161133
1 180 0.001663 50501.539062
1 3874 0.035784 14718828.000000
2 995 0.009191 0.040172
2 988 0.009127 60.386719
1 5522 0.051011 34962752.000000
2 2 0.000018 0.000000
2 72 0.000665 42684.644531
2 13 0.000120 0.000000
2 22 0.000203 0.000000
2 8 0.000074 0.000000
2 306 0.002828 35.102882
1 1847 0.017072 15788178.000000
1 1399 0.012933 0.000164
2 34 0.000314 0.000000
2 234 0.002164 0.018566
2 1318 0.012188 3614428.000000
2 585 0.005411 0.051221
1 1222 0.011304 0.000336
2 854 0.007901 5664479.000000
1 4172 0.038597 19532110.000000
2 349 0.003230 1289749.000000
2 258 0.002389 0.000019
1 36879 0.342252 389949952.000000
1 24063 0.223337 225713696.000000
1 3513 0.032605 36620844.000000
1 40084 0.372047 433195296.000000
1 358 0.003323 160521.859375
1 24 0.000223 0.000000
2 252 0.002340 1049353.000000
1 38620 0.358792 375533568.000000
1 61626 0.572541 572584896.000000
2 11 0.000102 964.806641
1 21 0.000195 4391.376953
1 16148 0.150041 68452320.000000
1 1310 0.012173 17799282.000000
1 563 0.005232 9839750.000000
2 8 0.000074 0.000000
2 5824 0.054132 39282072.000000
1 9113 0.084704 77392920.000000
2 22 0.000205 1246.537231
1 4673 0.043455 1283610.250000
2 121 0.001126 790461.437500
2 591 0.005499 4963916.500000
2 318 0.002960 1798.102905
2 255 0.002373 0.000000
2 2352 0.021894 16727957.000000
2 52 0.000484 3532.430176
2 353 0.003286 0.000017
2 4638 0.043179 17126758.000000
2 133 0.001238 0.000005
2 96 0.000894 3995.015625
2 219 0.002039 0.000000
1 1997 0.018595 5545881.000000
2 154 0.001434 45291.253906
2 1196 0.011137 10947852.000000
2 3053 0.028430 3311705.250000
2 2 0.000019 0.000000
2 7 0.000065 0.000000
2 1405 0.013085 0.000218
2 500 0.004657 40013.753906
2 1167 0.010869 6109062.500000
2 320 0.002981 1333986.125000
2 3358 0.031286 14404417.000000
2 96 0.000895 0.002296
2 279 0.002605 0.000377
2 90 0.000840 0.000023
2 52 0.000486 0.000000
1 1792 0.016827 26653574.000000
1 625 0.005869 3894853.750000
2 3 0.000028 0.000000
1 14 0.000132 0.000000
1 1585 0.014888 12736073.000000
1 22 0.000207 0.000000
1 2832 0.026603 21925400.000000
1 3 0.000028 0.000000
1 105 0.000986 288422.656250
1 978 0.009190 3215535.250000
2 1217 0.011436 5065718.500000
1 2953 0.027748 0.000000
1 1003 0.009425 3550335.750000
1 326 0.003064 2992461.500000
1 122 0.001147 52890.417969
1 961 0.009035 10460328.000000
1 1706 0.016040 20565964.000000
1 3468 0.032607 4306702.500000
2 206 0.001937 0.000000
1 2180 0.020498 30263150.000000
1 1918 0.018035 12373900.000000
1 499 0.004693 1030371.437500
1 801 0.007533 15470070.000000
1 1613 0.015171 8421992.000000
1 1 0.000009 0.000000
1 1956 0.018411 12834404.000000
1 737 0.006938 1925719.875000
1 393 0.003700 0.000000
1 4637 0.043660 50260336.000000
1 2077 0.019562 21924394.000000
1 29 0.000273 0.000000
1 6981 0.065769 37302472.000000
2 25 0.000236 0.000000
2 969 0.009154 4052566.250000
2 218 0.002060 417464.125000
2 717 0.006774 7581850.000000
1 2923 0.027623 464049.093750
2 4010 0.037896 85215240.000000
2 415 0.003922 56310.750000
1 25 0.000236 0.765550
2 15847 0.149801 148036032.000000
1 12536 0.118506 146100080.000000
2 89 0.000841 0.000000
1 14143 0.133716 183759520.000000
2 27 0.000255 0.330413
1 463 0.004378 583.052917
2 8 0.000076 0.000000
2 1405 0.013285 4570261.000000
1 5515 0.052149 479781.750000
2 1173 0.011092 6998298.500000
2 127 0.001202 684284.562500
1 1322 0.012509 3886919.000000
2 1435 0.013579 2497774.000000
1 6820 0.064552 45540472.000000
2 5 0.000047 0.000000
1 649 0.006145 0.000097
2 18 0.000170 0.000000
2 4088 0.038710 8123348.000000
2 307 0.002907 453803.406250
1 6082 0.057606 26359230.000000
1 3867 0.036631 17659148.000000
2 296 0.002804 0.170795
2 145 0.001374 0.000031
2 13 0.000123 0.000000
1 1 0.000009 0.000000
1 6455 0.061169 32615228.000000
2 12 0.000114 1099775.375000
1 80 0.000758 0.000000
2 211 0.002000 0.000006
2 1518 0.014397 21857.775391
2 1550 0.014702 26933338.000000
1 21398 0.202977 132277720.000000
1 7879 0.074740 93171320.000000
1 14588 0.138381 129107656.000000
2 1282 0.012165 5563964.500000
1 7413 0.070345 75051920.000000
1 4340 0.041185 19400582.000000
1 2138 0.020295 32031876.000000
1 2411 0.022896 0.000000
2 25 0.000237 0.000161
2 56 0.000532 0.000000
2 147 0.001397 197.439163
1 413 0.003924 2338494.000000
1 2916 0.027716 22756258.000000
2 43 0.000409 379678.593750
2 176 0.001673 426764.156250
2 43 0.000409 3.554382
2 4173 0.039670 25749126.000000
1 8153 0.077510 50793748.000000
1 4303 0.040914 25883066.000000
1 10476 0.099608 93240936.000000
2 34 0.000323 0.000000
2 19 0.000181 19.639532
2 97 0.000922 6143977.500000
2 1 0.000010 0.000000
2 171 0.001626 1864056.500000
1 8410 0.079998 134861392.000000
1 14288 0.135921 46886552.000000
1 1999 0.019017 5271343.500000
2 900 0.008562 0.000000
2 1207 0.011482 5053880.500000
2 234 0.002226 4284391.500000
2 1470 0.013985 0.000074
2 8235 0.078346 128819840.000000
1 18804 0.178917 218921040.000000
1 11721 0.111537 129294128.000000
2 3402 0.032375 10782941.000000
2 8 0.000076 0.000000
2 245 0.002332 960125.187500
2 3 0.000029 0.000000
2 366 0.003484 2454527.750000
2 11774 0.112080 233195616.000000
2 57 0.000543 0.000287
2 56 0.000534 0.000000
2 107 0.001020 126.279091
2 693 0.006603 0.069696
2 332 0.003166 531435.937500
2 47 0.000449 0.000000
2 370 0.003531 6970084.000000
2 161 0.001537 0.000036
1 2046 0.019535 39968.789062
1 7117 0.068004 23799.712891
2 216 0.002065 0.000023
2 35 0.000335 0.000000
2 159 0.001522 0.020899
2 3402 0.032578 63201948.000000
2 331 0.003170 736293.687500
2 246 0.002356 1872847.875000
2 3307 0.031675 72324640.000000
2 828 0.007931 3826605.750000
2 21 0.000201 0.000000
2 279 0.002673 9338566.000000
1 1349 0.012923 17782728.000000
2 184 0.001763 3777.885498
2 1 0.000010 0.000000
2 671 0.006429 0.012724
2 562 0.005385 279056.312500
1 131 0.001255 0.000000
2 35 0.000336 0.000000
1 354 0.003396 10313094.000000
2 21 0.000201 0.000000
2 17 0.000163 650.613342
2 31 0.000298 681126.000000
2 47 0.000451 3981.239746
2 33 0.000317 0.000000
2 99 0.000950 160787.156250
2 92 0.000883 981080.625000
2 501 0.004809 2809190.500000
2 111 0.001065 19534434.000000
1 404 0.003879 418.240204
2 732 0.007031 2143238.500000
1 504 0.004842 5590.947266
2 31 0.000298 0.004766
1 151 0.001452 13281424.000000
2 29 0.000279 0.000000
1 887 0.008538 15271029.000000
2 67 0.000645 0.013039
2 15 0.000144 0.000000
2 6 0.000058 0.000000
2 6 0.000058 79.189362
2 142 0.001368 409696.281250
2 499 0.004811 8557.820312
1 12866 0.124048 127016952.000000
2 197 0.001900 0.009416
2 101 0.000974 0.000347
2 186 0.001795 1221272.250000
1 14 0.000135 3.143159
2 355 0.003431 344019.562500
2 556 0.005374 1639576.625000
1 4948 0.047824 69169736.000000
2 5 0.000048 0.000000
2 120 0.001160 120820.382812
2 622 0.006014 10203253.000000
2 474 0.004583 5079348.500000
2 71 0.000687 4840579.000000
1 565 0.005464 39974580.000000
2 111 0.001073 235.975540
2 132 0.001277 10877444.000000
2 1492 0.014429 9625066.000000
2 1 0.000010 0.000000
2 259 0.002507 540252.062500
2 34 0.000329 12916.209961
1 523 0.005064 5609.389160
1 2036 0.019714 19515716.000000
2 7 0.000068 0.000000
2 841 0.008148 5788029.500000
1 754 0.007318 7487022.000000
1 684 0.006642 34993684.000000
2 24 0.000233 3662.495361
1 4191 0.040755 58970184.000000
1 189 0.001838 1338036.250000
1 2 0.000019 0.000000
1 4 0.000039 0.000000
1 1 0.000010 0.000000
1 2787 0.027113 40736300.000000
1 183 0.001780 1676498.500000
1 181 0.001761 728307.250000
1 16792 0.163391 153613680.000000
1 467 0.004544 18794678.000000
1 8128 0.079094 0.000736
1 139 0.001353 0.051158
1 51544 0.501752 506028608.000000
1 373 0.003632 814550.500000
1 2139 0.020827 22078196.000000
1 1 0.000010 0.000000
1 2 0.000019 0.000000
1 96 0.000935 14016.261719
1 24 0.000234 102.426842
1 2236 0.021775 12794115.000000
1 768 0.007479 10307150.000000
2 80 0.000779 1645585.375000
2 607 0.005912 18048022.000000
1 2700 0.026299 8094369.000000
1 2477 0.024134 18543522.000000
2 277 0.002699 1782352.500000
1 6 0.000058 0.000000
1 1253 0.012214 5166552.500000
1 560 0.005463 5988720.000000
1 8 0.000078 0.000000
1 1023 0.009981 0.000000
2 115 0.001123 2968941.250000
2 26 0.000254 0.000005
2 33 0.000323 0.029616
2 4 0.000039 0.000000
2 267 0.002614 0.000020
2 2 0.000020 0.000000
2 1394 0.013657 9169616.000000
2 7 0.000069 0.000000
2 318 0.003128 2029309.625000
1 1594 0.015693 29023342.000000
1 3012 0.029659 22271444.000000
2 153 0.001507 0.000073
1 836 0.008235 16606592.000000
2 6 0.000059 0.000000
2 18 0.000178 1261.713989
2 18 0.000178 0.017877
1 131 0.001292 56883.363281
2 1109 0.010945 13162890.000000
2 190 0.001875 1966032.500000
2 2005 0.019791 15832158.000000
1 2347 0.023180 600939.562500
2 12 0.000119 0.000000
1 1203 0.011887 1615354.000000
2 1511 0.014936 9875109.000000
2 789 0.007800 17031986.000000
2 1007 0.009959 5441834.500000
2 1462 0.014463 15397483.000000
2 15 0.000148 0.000000
2 343 0.003394 5656558.000000
2 5101 0.050505 88017712.000000
2 294 0.002911 166102.250000
2 10 0.000099 0.000000
2 1820 0.018025 14458620.000000
2 365 0.003616 6173988.500000
2 2362 0.023402 989333.937500
2 1050 0.010407 35199232.000000
2 310 0.003075 769262.187500
1 1276 0.012661 0.113760
2 4282 0.042491 64094124.000000
2 3 0.000030 0.000000
2 5 0.000050 0.000000
2 13 0.000129 0.035378
2 3 0.000030 0.000000
2 9 0.000089 0.000000
2 1 0.000010 0.000000
1 1725 0.017144 1267019.250000
1 167 0.001660 553035.812500
2 707 0.007028 7654133.000000
1 18 0.000179 4039685.750000
1 133 0.001323 940267.375000
1 305 0.003034 2015236.500000
1 3318 0.033007 52391908.000000
2 719 0.007154 5608658.500000
1 5639 0.056118 56179496.000000
1 1383 0.013764 21011886.000000
2 7 0.000070 288.151917
1 1956 0.019470 18695582.000000
1 48 0.000478 9.221503
1 1825 0.018171 14123727.000000
1 483 0.004809 14590845.000000
2 3 0.000030 0.000000
2 6 0.000060 0.000000
2 39 0.000389 17516.566406
1 452 0.004514 14631121.000000
1 1880 0.018787 16566980.000000
2 2940 0.029382 31346462.000000
1 213 0.002133 2589124.000000
1 2008 0.020107 35885508.000000
1 5895 0.059033 77658664.000000
1 34176 0.342267 283348672.000000
1 2466 0.024705 21258940.000000
1 956 0.009577 4434288.500000
1 28 0.000281 0.043200
1 988 0.009903 3977850.500000
1 3774 0.037878 5102393.000000
2 2636 0.026461 63491440.000000
1 112 0.001125 0.000000
2 8 0.000080 7438.388184
1 1001 0.010053 34329260.000000
2 12 0.000121 1228528.500000
1 281 0.002822 1555.677002
2 1 0.000010 0.000000
2 110 0.001105 6011714.500000
2 406 0.004078 619543.500000
1 399 0.004008 33227148.000000
2 498 0.005003 32346134.000000
2 9 0.000090 1046672.062500
2 25 0.000251 4149213.250000
1 37659 0.378467 362911072.000000
1 4 0.000040 36022.625000
2 41 0.000412 1912867.500000
2 265 0.002663 10.617087
1 7098 0.071380 16490286.000000
1 271 0.002726 9336.432617
2 21 0.000211 1080674.000000
1 1117 0.011235 331598.500000
1 785 0.007896 10282700.000000
2 3042 0.030598 16009593.000000
2 728 0.007323 0.000000
1 433 0.004356 17994.455078
2 542 0.005453 2267941.500000
2 3432 0.034564 71926408.000000
2 5390 0.054321 132564600.000000
2 2728 0.027493 33600108.000000
2 3 0.000030 0.000000
1 2082 0.021080 3772512.500000
2 686 0.006947 14919633.000000
2 246 0.002493 0.000012
2 19 0.000193 0.000002
2 444 0.004500 0.000017
2 51 0.000517 55221.968750
2 3007 0.030489 25716508.000000
2 36 0.000365 839.681580
1 3037 0.030811 25791276.000000
1 622 0.006311 4565180.500000
1 811 0.008229 9291514.000000
2 53 0.000538 0.000021
2 2258 0.022913 3471068.000000
2 22 0.000223 0.000007
2 43 0.000436 0.000000
1 1202 0.012200 10575638.000000
2 6 0.000061 0.000000
2 1587 0.016113 10336240.000000
2 441 0.004478 0.191559
2 90 0.000914 0.000156
2 458 0.004652 9332059.000000
2 9 0.000091 0.000000
2 484 0.004917 89.466606
2 41 0.000417 0.189276
2 254 0.002583 6078726.500000
2 3 0.000031 0.000000
2 502 0.005108 2.089768
2 3 0.000031 0.000000
2 383 0.003899 10217787.000000
2 64 0.000652 6.276549
2 315 0.003209 37825.097656
2 12 0.000122 0.000001
2 542 0.005526 3588840.000000
2 9 0.000092 0.000000
1 1420 0.014500 4086119.750000
2 34 0.000348 0.007387
2 11 0.000113 0.002158
1 1089 0.011190 512800.406250
2 943 0.009690 402088.250000
2 4 0.000041 0.005667
2 294 0.003022 127035.695312
2 1466 0.015069 28343976.000000
2 535 0.005502 3680204.000000
2 65 0.000669 134211.812500
2 114 0.001173 400415.781250
2 12332 0.126994 225301328.000000
1 3404 0.035056 8737464.000000
2 10 0.000103 0.000000
2 201 0.002070 73.723625
1 226 0.002328 156690.875000
2 28 0.000289 0.000000
1 1770 0.018246 2764588.500000
1 2040 0.021055 7199265.000000
1 2072 0.021411 10068164.000000
1 1009 0.010428 14938142.000000
2 3361 0.034752 20875930.000000
1 563 0.005826 13359205.000000
1 229 0.002371 12286129.000000
2 7 0.000073 3105.696045
1 1375 0.014251 258161.328125
2 6 0.000062 0.000000
1 13254 0.137387 104380240.000000
2 19 0.000197 198740.812500
2 84 0.000871 0.013183
1 99 0.001026 228814.703125
1 3562 0.036925 9622288.000000
1 866 0.008977 10328533.000000
1 2884 0.029898 54973148.000000
2 1 0.000010 0.000000
2 3 0.000031 0.000000
2 2 0.000021 0.000000
2 1 0.000010 0.000000
1 18752 0.194418 211661616.000000
1 57220 0.593267 356569792.000000
1 366 0.003796 2341604.250000
1 3009 0.031210 20341900.000000
2 325 0.003371 4426886.000000
2 8832 0.091617 230844080.000000
1 1613 0.016733 5102310.000000
2 43 0.000446 0.000299
1 153 0.001587 1237122.500000
2 1 0.000010 0.000000
2 163 0.001691 47392.242188
2 204 0.002117 6970951.500000
2 15612 0.162029 168391888.000000
2 19 0.000197 977357.375000
2 422 0.004380 8385123.000000
1 32283 0.335081 191945216.000000
2 1 0.000010 0.000000
2 49 0.000509 1481447.125000
1 2798 0.029046 1842946.250000
2 53 0.000550 2437308.250000
1 21051 0.218655 238838704.000000
2 17 0.000177 1182.705811
1 19405 0.201602 203543792.000000
2 417 0.004332 0.002340
2 247 0.002567 0.000057
2 3 0.000031 0.000000
1 129 0.001341 3684582.250000
1 2 0.000021 0.000000
1 131 0.001362 412141.218750
1 1074 0.011164 4682659.000000
1 881 0.009159 2987799.500000
1 455 0.004731 3084208.250000
1 4 0.000042 0.000000
2 416 0.004327 4425919.000000
1 159 0.001654 1994345.500000
2 2657 0.027638 16495356.000000
2 59 0.000614 986150.125000
2 130 0.001353 0.000000
2 1712 0.017824 21220894.000000
1 210 0.002188 4422043.500000
2 1 0.000010 0.000000
1 8914 0.092901 17878626.000000
1 35447 0.369432 106697880.000000
1 2246 0.023424 23614994.000000
2 272 0.002838 0.014131
2 37 0.000386 0.000033
2 46 0.000480 5.298860
2 9 0.000094 0.000000
2 29 0.000303 0.000001
2 2 0.000021 0.000000
1 9061 0.094608 93138168.000000
2 208 0.002176 258.174744
2 167 0.001748 828580.125000
1 709 0.007430 471.948883
1 232 0.002438 894854.187500
1 1418 0.014904 6448929.000000
1 2579 0.027107 3699574.750000
1 8168 0.085852 34173436.000000
1 1009 0.010606 8696244.000000
1 21 0.000221 25792.341797
1 358 0.003763 3653733.750000
2 1319 0.013869 0.059944
1 261 0.002748 4325183.000000
2 28 0.000295 113898.703125
2 53 0.000560 639654.312500
1 541 0.005722 1119411.000000
1 53 0.000561 672987.250000
1 94 0.000995 0.000019
2 2877 0.030442 12710153.000000
2 27 0.000286 0.007830
2 570 0.006034 6308370.500000
2 11 0.000117 0.001109
2 735 0.007798 0.031736
2 6 0.000064 0.000000
1 255 0.002716 3416949.250000
1 14185 0.151067 86054880.000000
1 269 0.002865 8769916.000000
1 2485 0.026468 29224332.000000
1 389 0.004144 5477092.500000
1 49 0.000522 14064.997070
1 840 0.008949 34621444.000000
1 3795 0.040434 54676400.000000
1 173 0.001843 5064151.000000
1 1 0.000011 0.000000
1 2474 0.026363 53577444.000000
1 24 0.000256 97437.859375
1 32 0.000341 243867.281250
1 220 0.002345 968064.125000
1 1150 0.012260 5224496.000000
2 2312 0.024652 4025456.000000
1 58 0.000619 1393356.500000
1 305 0.003253 3813359.500000
1 12 0.000128 0.012469
1 1157 0.012344 10624939.000000
1 2 0.000021 0.000000
2 447 0.004782 0.007584
1 1341 0.014350 11769678.000000
2 970 0.010381 458538.718750
1 674 0.007215 0.003267
2 706 0.007558 121941.718750
1 204 0.002184 0.000011
1 567 0.006074 2815788.000000
1 94 0.001007 0.013406
1 39 0.000418 1921406.375000
1 628 0.006729 10256937.000000
1 10778 0.115540 85057992.000000
1 717 0.007687 789142.625000
2 44 0.000472 0.000017
2 1365 0.014636 22784822.000000
1 131 0.001407 0.000010
2 483 0.005188 2690217.500000
1 887 0.009529 7043236.500000
2 175 0.001881 55.878662
2 335 0.003602 6419607.500000
2 155 0.001669 152050.281250
2 12 0.000129 140656.828125
2 5 0.000054 0.000000
1 6173 0.066578 78145208.000000
2 7 0.000076 0.000000
1 219 0.002363 524057.312500
2 141 0.001522 2345777.750000
2 2 0.000022 0.000000
2 1 0.000011 0.000000
2 38 0.000410 0.000000
2 479 0.005175 15591058.000000
2 273 0.002950 290431.031250
2 408 0.004409 299635.656250
2 1191 0.012871 6573151.000000
2 10 0.000108 0.003887
2 2 0.000022 0.000000
2 3 0.000032 0.000000
1 2153 0.023319 15317865.000000
2 31 0.000336 0.005432
2 1147 0.012435 12102882.000000
2 537 0.005822 1316251.375000
2 1913 0.020774 24036146.000000
2 198 0.002150 260881.140625
1 2295 0.024923 25860644.000000
2 1400 0.015203 19987404.000000
2 153 0.001665 0.000000
1 556 0.006071 5813073.500000
1 6886 0.075223 29053194.000000
1 5520 0.060302 56741240.000000
1 121 0.001322 0.000000
1 4645 0.050769 0.000512
1 2787 0.030477 49503608.000000
1 238 0.002603 1142598.250000
1 374 0.004091 6671829.500000
1 47 0.000514 0.000000
1 5882 0.064472 85185216.000000
2 37 0.000407 0.000449
2 225 0.002474 0.004171
2 302 0.003321 0.000842
1 7 0.000077 0.000000
1 22 0.000243 0.000000
1 247 0.002752 0.008017
2 73 0.000814 77351.320312
1 4 0.000045 0.000092
2 35 0.000391 0.000802
1 50 0.000559 2586381.750000
1 318 0.003559 22815.894531
2 54 0.000606 0.000017
1 1307 0.014679 21202192.000000
1 217 0.002437 1879926.000000
2 6669 0.075179 32340742.000000
1 103 0.001163 10998.874023
1 84 0.000950 4673153.000000
2 17 0.000194 0.002815
2 145 0.001655 2.455645
2 637 0.007277 1847160.000000
2 111 0.001311 2005450.875000
1 300 0.003566 0.000068
2 23 0.000274 0.000647
2 29 0.000345 0.000814
2 1 0.000012 0.000000
2 1 0.000012 0.000000
2 49 0.000593 0.000122
1 5758 0.069727 41587916.000000
1 1933 0.023410 16315208.000000
1 3375 0.040875 23554502.000000
1 9327 0.112963 27332120.000000
1 16169 0.195857 88403536.000000
1 33514 0.405979 266157616.000000
1 698 0.008456 483.221954
1 369 0.004471 1850240.875000
1 498 0.006035 2.582820
1 2714 0.032889 11979984.000000
1 131 0.001588 1042970.562500
1 194 0.002352 971896.437500
1 663 0.008040 7450964.500000
1 1050 0.012741 9737783.000000
1 134 0.001627 754551.687500
1 198 0.002403 734991.375000
1 526 0.006386 859740.125000
1 681 0.008270 5038577.000000
1 8206 0.099694 67529784.000000
1 1 0.000012 0.000000
1 124 0.001507 537764.000000
1 1594 0.019369 13653944.000000
1 12050 0.146419 88663656.000000
1 1906 0.023161 21084872.000000
1 2053 0.024950 18201446.000000
1 85 0.001033 66.251060
1 12020 0.146145 203069872.000000
1 20465 0.249027 85224720.000000
1 271 0.003298 4342814.500000
1 134 0.001631 2160070.250000
1 127 0.001546 74778.484375
1 18855 0.229547 160670432.000000
1 21 0.000256 0.000000
1 326 0.003970 1078628.625000
1 2965 0.036112 30749784.000000
1 817 0.010066 178310.015625
2 9 0.000111 0.006400
2 33 0.000407 0.216066
2 4 0.000049 0.004344
2 3416 0.042094 36124496.000000
1 901 0.011105 45500.015625
2 318 0.003920 3155576.000000
2 290 0.003575 314544.812500
1 6 0.000075 0.000000
2 8 0.000100 0.000000
1 1546 0.019232 24139622.000000
1 36947 0.459637 385073408.000000
2 24 0.000299 123194.218750
1 14791 0.184041 96920496.000000
2 13 0.000162 56338.089844
2 2352 0.029270 78609552.000000
2 22 0.000274 200019.421875
2 1 0.000012 0.000000
2 27 0.000336 0.000124
2 1 0.000012 0.000000
2 1 0.000012 0.000000
2 1 0.000012 0.000000
2 37 0.000461 0.003796
2 60 0.000747 988558.625000
2 193 0.002405 422509.468750
1 593 0.007391 6054321.000000
2 2 0.000025 0.000000
2 111 0.001384 0.007203
2 257 0.003204 0.040406
2 108 0.001348 0.000022
2 27 0.000337 0.000000
1 993 0.012391 230315.796875
2 21 0.000262 0.150601
2 59 0.000736 0.084178
1 1099 0.013715 24726724.000000
2 472 0.005891 17368478.000000
1 499 0.006229 811243.125000
2 380 0.004744 4069424.250000
2 61 0.000762 617682.062500
2 7 0.000087 0.000000
2 27 0.000337 1115283.375000
2 21 0.000262 0.000000
2 2 0.000025 0.000000
2 101 0.001262 107622.179688
2 127 0.001588 772194.875000
2 225 0.002813 1978220.375000
2 55 0.000688 0.000000
1 1923 0.024069 222324.125000
2 15 0.000188 0.000004
1 173 0.002167 4115350.250000
1 956 0.011983 5025392.500000
1 355 0.004451 1435046.250000
1 2171 0.027226 30469620.000000
1 6 0.000075 0.000000
1 356 0.004467 5230921.000000
1 2 0.000025 0.000000
1 1427 0.017909 10631450.000000
1 5 0.000063 0.000000
1 701 0.008798 11865453.000000
1 680 0.008534 6212136.500000
1 23 0.000289 1757.375610
1 1451 0.018215 8926042.000000
1 1503 0.018870 0.000177
2 68 0.000854 0.055682
1 1274 0.016008 11161286.000000
2 13 0.000163 0.000000
2 184 0.002313 363161.875000
1 2139 0.026941 25869028.000000
2 3001 0.037805 27170968.000000
2 7 0.000088 687.420471
1 51719 0.658103 656096768.000000
1 26739 0.340243 428855872.000000
1 3279 0.041724 69752312.000000
1 11493 0.146262 167437264.000000
1 1 0.000013 0.000000
1 9844 0.125341 127464256.000000
1 6038 0.076992 48646728.000000
2 1272 0.016259 17441932.000000
2 4965 0.063468 34121544.000000
2 1542 0.019713 30225206.000000
1 358 0.004579 27913.960938
1 27582 0.353353 81380608.000000
1 6824 0.087427 67716136.000000
1 12500 0.160187 159340704.000000
2 207 0.002653 18055492.000000
1 7890 0.101138 124603512.000000
2 97 0.001243 602338.187500
2 4673 0.059931 111299840.000000
2 200 0.002565 3931585.250000
2 1 0.000013 0.000000
2 9 0.000115 23605.658203
2 4 0.000051 0.000000
2 147 0.001887 0.000233
2 9862 0.126608 69816912.000000
1 280 0.003595 7126176.500000
2 307 0.003943 2252615.000000
2 3 0.000039 1920.893677
2 3 0.000039 0.000000
2 5 0.000064 0.000000
2 2 0.000026 0.000000
2 18 0.000231 12338.871094
2 381 0.004895 5478840.500000
2 1 0.000013 0.000000
2 1948 0.025033 49070172.000000
2 347 0.004460 4797389.000000
2 593 0.007621 6132553.000000
2 11 0.000141 0.000000
2 11 0.000141 0.000000
2 231 0.002970 30562.064453
2 2266 0.029136 5761830.000000
2 186 0.002392 4465353.000000
2 259 0.003331 178391.343750
2 301 0.003871 38579.250000
2 1776 0.022841 771478.312500
2 1584 0.020374 14324496.000000
2 326 0.004193 14157923.000000
1 97 0.001248 36009.878906
1 3 0.000039 0.000000
2 751 0.009667 0.000000
1 1696 0.021844 22074050.000000
2 51 0.000657 486375.843750
2 57 0.000735 360518.562500
2 105 0.001354 0.000014
2 427 0.005505 0.000180
2 6 0.000077 0.004506
2 1 0.000013 0.000000
2 22 0.000284 1907.640625
2 82 0.001060 15901.473633
1 18 0.000233 4648.638672
1 396 0.005122 196261.859375
2 377 0.004877 2459342.250000
2 150 0.001943 78620.351562
1 35 0.000454 0.000000
1 41509 0.540848 516020800.000000
1 24 0.000313 308060.875000
1 3632 0.047334 149318816.000000
1 363 0.004731 997262.750000
1 15793 0.205855 334562176.000000
1 494 0.006441 3063.829102
1 587 0.007654 2823833.000000
1 170 0.002217 0.007303
1 15 0.000196 0.577170
1 9247 0.120619 69490712.000000
1 969 0.012644 12064353.000000
1 623 0.008130 3426222.250000
1 3474 0.045341 65532476.000000
1 1018 0.013287 12853814.000000
1 941 0.012282 7563.690918
1 715 0.009334 3116495.000000
1 339 0.004425 1878707.500000
1 315 0.004112 4578167.000000
1 394 0.005144 4530211.000000
1 29 0.000379 4.672891
1 11 0.000144 41010.542969
1 6517 0.085114 46640824.000000
1 2593 0.033886 24400.955078
1 201 0.002627 1974.633789
1 2 0.000026 0.000000
1 496 0.006485 13486901.000000
1 311 0.004067 4344252.000000
1 120 0.001570 0.000000
1 58 0.000759 280599.000000
1 75 0.000981 753513.750000
1 230 0.003010 6955013.500000
1 14439 0.188992 163792080.000000
1 13 0.000170 9426.749023
1 377 0.004940 7431601.000000
1 126 0.001651 667155.125000
1 1 0.000013 0.000000
1 902 0.011821 15091318.000000
1 495 0.006490 15138961.000000
1 81 0.001063 3171792.750000
1 652 0.008554 4204275.000000
1 1416 0.018577 10064587.000000
1 589 0.007734 366956.218750
1 373 0.004898 6211498.500000
1 1718 0.022562 11486215.000000
1 174 0.002286 1495709.500000
1 43 0.000565 2178519.000000
1 7312 0.096054 54060264.000000
1 302 0.003967 7899716.500000
1 109 0.001432 1200675.375000
1 2808 0.036892 26555786.000000
1 3131 0.041138 29872046.000000
1 81 0.001064 0.000000
1 1 0.000013 0.000000
1 95 0.001248 16850.525391
1 168 0.002208 4497917.500000
1 1134 0.014935 12283972.000000
1 85 0.001119 425645.125000
1 464 0.006113 724333.250000
1 174 0.002293 0.000000
1 240 0.003163 0.007755
1 38 0.000502 0.000000
1 15 0.000198 2496.252197
1 1368 0.018085 13663275.000000
1 2399 0.031717 36146360.000000
1 627 0.008292 0.000069
1 261 0.003453 847205.250000
1 3605 0.047739 8904455.000000
1 2130 0.028242 41764964.000000
1 1770 0.023475 20143074.000000
1 1795 0.023808 26915052.000000
1 1245 0.016514 7958744.500000
1 999 0.013251 8515609.000000
1 1873 0.024844 31817968.000000
1 969 0.012854 9661849.000000
1 1763 0.023388 24715996.000000
1 1881 0.024954 22131508.000000
1 2506 0.033247 25985106.000000
1 2372 0.031473 13805470.000000
1 3274 0.043508 39290696.000000
1 1179 0.015669 13980655.000000
1 720 0.009571 4319591.500000
1 988 0.013136 10607819.000000
1 274 0.003644 5578568.000000
1 1261 0.016790 20016800.000000
1 2266 0.030242 18518500.000000
1 4 0.000053 14887.290039
1 4097 0.054694 27007962.000000
1 6334 0.084559 89444128.000000
1 11756 0.156973 170122688.000000
1 895 0.011951 19016462.000000
1 699 0.009334 13176923.000000
1 5222 0.069767 72492344.000000
1 3785 0.050571 62600656.000000
1 6521 0.087137 107979336.000000
1 25076 0.335115 251784928.000000
1 7949 0.106240 115580600.000000
1 17 0.000227 0.000000
1 85 0.001137 265.374146
1 66 0.000883 262.784821
1 2733 0.036570 29300468.000000
1 5732 0.076700 64667740.000000
1 14213 0.190194 159104128.000000
1 1493 0.019980 38447460.000000
1 2230 0.029843 42856160.000000
1 922 0.012339 13491976.000000
2 1 0.000013 0.000000
2 46 0.000616 158506.625000
1 8684 0.116281 215755680.000000
2 128 0.001724 3375101.250000
1 1379 0.018620 39357336.000000
2 124 0.001680 6870.125977
2 1485 0.020234 16643756.000000
2 6 0.000082 76159.304688
2 688 0.009375 10287288.000000
2 1 0.000014 0.000000
2 11 0.000150 846063.937500
2 333 0.004539 12413832.000000
2 119 0.001629 149189.609375
2 774 0.010598 37889.980469
2 20 0.000274 5862.645508
2 1598 0.021887 38612524.000000
2 7 0.000096 8278.987305
1 776 0.010630 32927190.000000
2 163 0.002233 3606207.250000
2 9 0.000123 122648.789062
2 26 0.000356 52624.429688
2 1 0.000014 0.000000
1 2055 0.028163 18315006.000000
2 425 0.005825 6470668.500000
2 3 0.000041 0.000009
2 110 0.001508 638.953125
2 83 0.001138 1547464.125000
2 16 0.000219 6.453493
2 942 0.012918 17542782.000000
2 1456 0.019971 42887660.000000
2 130 0.001786 749834.937500
2 564 0.007750 2446558.500000
2 1255 0.017248 12720384.000000
2 11 0.000151 211030.234375
2 45 0.000619 309480.156250
2 358 0.004923 2365781.250000
2 28 0.000385 1613150.875000
2 1547 0.021280 51145856.000000
2 89 0.001224 3653909.750000
2 8 0.000110 104950.046875
2 298 0.004101 6201744.000000
2 12 0.000165 12.979810
2 172 0.002368 5880052.500000
2 1916 0.026386 29275548.000000
2 1256 0.017305 16357602.000000
2 1205 0.016607 11835814.000000
1 1379 0.019016 15099279.000000
2 22 0.000303 1476393.750000
2 628 0.008662 12577750.000000
2 280 0.003863 5269679.000000
2 141 0.001945 808268.500000
2 40 0.000552 6677.735840
2 303 0.004182 6980.530273
1 927 0.012802 14275520.000000
2 55 0.000760 1133358.500000
2 1024 0.014162 18284884.000000
2 381 0.005275 13828858.000000
2 298 0.004132 0.000004
1 292 0.004049 63411.414062
2 1 0.000014 0.000000
2 2 0.000028 0.011944
2 8 0.000111 87.326523
2 160 0.002221 650.907288
2 9 0.000125 0.000000
2 879 0.012204 10612090.000000
2 141 0.001958 825734.125000
2 36 0.000500 370755.968750
2 3178 0.044296 17314630.000000
2 37 0.000516 0.000000
2 12 0.000167 0.001725
2 16 0.000223 0.000000
2 4 0.000056 0.000000
1 80 0.001115 547378.875000
2 63 0.000878 0.000000
2 6 0.000084 0.000000
2 4 0.000056 0.000000
2 523 0.007293 3349153.000000
2 50 0.000697 0.080909
2 6 0.000084 0.000000
2 280 0.003905 1120661.375000
2 69 0.000962 2812623.000000
2 5 0.000070 1175803.000000
2 2844 0.039696 85548960.000000
2 3531 0.049337 178083504.000000
2 1566 0.021884 2925020.000000
2 107 0.001495 8817816.000000
1 3 0.000042 0.000000
2 9989 0.139642 208663360.000000
2 32 0.000447 747768.250000
1 12228 0.170978 169893808.000000
2 193 0.002699 5670133.000000
2 19 0.000266 105275.648438
2 3542 0.049547 29910600.000000
2 2 0.000028 0.000000
2 2544 0.035597 182655552.000000
2 602 0.008434 165.410858
1 547 0.007664 0.000106
2 394 0.005521 488912.906250
1 174 0.002438 3143825.250000
1 1889 0.026491 12031083.000000
2 22 0.000313 70564.406250
1 213 0.003034 1285199.375000
2 59 0.000842 0.111768
1 184 0.002627 8871316.000000
1 692 0.009880 11258032.000000
2 4 0.000057 0.001452
2 3 0.000043 0.000000
1 897 0.012813 17210750.000000
1 150 0.002143 1043807.875000
1 32 0.000457 1586409.250000
2 15 0.000214 31174.996094
2 18 0.000257 62528.234375
2 14 0.000200 266120.687500
2 1405 0.020090 20992324.000000
2 82 0.001173 899325.750000
2 68 0.000973 2471624.000000
1 1410 0.020170 6267692.000000
2 17 0.000243 12814.371094
2 4 0.000057 0.000000
2 15 0.000215 3884.652344
2 19 0.000272 18316.623047
2 171 0.002447 5251519.500000
1 312 0.004465 6673707.500000
1 253 0.003620 35896692.000000
2 113 0.001617 1077246.000000
2 168 0.002404 2481667.000000
2 56 0.000801 4793520.000000
2 213 0.003049 2090185.125000
2 1186 0.016980 18791162.000000
2 154 0.002205 4710825.500000
2 1616 0.023143 23543718.000000
2 424 0.006073 15821930.000000
1 2334 0.033440 54171444.000000
2 2 0.000029 0.000000
2 32 0.000459 0.000000
2 2 0.000029 0.000000
2 1 0.000014 0.000000
2 2 0.000029 418373.062500
2 32 0.000459 2260318.500000
2 23 0.000330 502573.125000
2 12 0.000172 2984912.750000
1 277 0.003978 17953.974609
1 106 0.001524 13860.610352
2 284 0.004084 52796.082031
2 23 0.000331 48.674091
2 17 0.000245 178590.187500
1 1401 0.020159 20000936.000000
2 1199 0.017254 15135787.000000
2 1309 0.018838 12395451.000000
2 69 0.000993 66542.820312
2 56 0.000809 0.021424
2 49 0.000708 641234.125000
2 79 0.001142 0.000509
2 62 0.000897 0.000020
2 50 0.000723 0.000013
2 69 0.000999 378716.281250
2 140 0.002027 5949.329590
2 230 0.003330 3572162.500000
2 275 0.003982 10769212.000000
2 2097 0.030552 49121432.000000
2 2 0.000029 0.000000
2 266 0.003887 0.000091
2 1 0.000015 0.000000
2 6 0.000088 0.058556
1 199 0.002912 327295.718750
2 4 0.000059 0.000000
2 56 0.000820 582294.562500
2 2 0.000029 0.064783
2 20 0.000293 155054.375000
2 683 0.010007 17529048.000000
1 7284 0.106735 92687336.000000
1 12 0.000176 0.009951
1 7 0.000103 0.000000
1 25 0.000366 1293836.000000
1 1451 0.021273 39495704.000000
2 283 0.004149 2446400.500000
2 1168 0.017124 13839782.000000
2 1880 0.027573 54767008.000000
1 2304 0.033806 24210674.000000
1 436 0.006398 4349800.500000
2 17 0.000250 0.000005
2 662 0.009727 0.000050
2 11 0.000162 0.000903
2 24 0.000353 145504.421875
2 1057 0.015543 19753582.000000
2 1950 0.028676 46495976.000000
2 2067 0.030419 49679224.000000
1 3565 0.052470 60389236.000000
2 124 0.001828 2839720.250000
2 85 0.001253 63018.363281
2 1346 0.019860 25410354.000000
2 10 0.000148 0.000009
2 328 0.004841 0.000030
2 544 0.008031 1487478.750000
2 92 0.001358 5290.971680
2 60 0.000886 8315359.500000
2 89 0.001314 0.000016
2 49 0.000724 0.000024
2 24 0.000355 0.000004
2 19 0.000281 0.000003
2 79 0.001171 0.000021
2 15 0.000222 0.000007
2 5 0.000074 0.000000
2 3 0.000044 0.000000
2 11674 0.173120 347195328.000000
1 45128 0.669257 683001088.000000
2 12272 0.182007 194812128.000000
2 22 0.000326 1.882563
1 1446 0.021456 16577893.000000
2 156 0.002315 49943.023438
2 737 0.010938 472429.125000
2 1 0.000015 0.000000
2 1177 0.017469 9478246.000000
2 3512 0.052138 114732880.000000
2 2930 0.043536 116468576.000000
2 598 0.008888 0.000059
2 1443 0.021454 26725160.000000
2 423 0.006291 7523353.500000
2 60 0.000892 2724302.500000
2 106 0.001578 2314756.500000
2 2 0.000030 704.110046
2 21 0.000313 17.341183
2 1260 0.018811 22097064.000000
1 29324 0.440525 410591680.000000
1 2879 0.043252 42467852.000000
1 24717 0.371338 332688320.000000
1 1420 0.021346 207585.234375
1 202 0.003037 1433802.875000
1 815 0.012252 1996953.125000
1 945 0.014207 12630096.000000
1 965 0.014508 12576380.000000
1 1146 0.017229 20008.871094
1 1240 0.018652 7949226.500000
1 1756 0.026423 20420920.000000
1 1372 0.020670 17353822.000000
2 268 0.004043 1963859.625000
1 421 0.006353 9951001.000000
1 178 0.002687 1262439.125000
2 1171 0.017678 3544247.750000
2 3 0.000045 0.000013
2 759 0.011503 7298085.500000
2 33 0.000503 203134.281250
2 75 0.001143 0.000031
2 304 0.004631 1983.866333
2 23 0.000350 0.000000
2 343 0.005227 0.000147
2 1250 0.019454 114929.617188
1 722 0.011342 18419558.000000
1 61 0.000958 1036913.750000
1 1043 0.016391 22965924.000000
2 94 0.001477 260782.625000
1 2008 0.031569 137764.484375
1 739 0.011621 14946679.000000
2 689 0.010838 23501354.000000
2 132 0.002076 5116334.500000
2 104 0.001636 12188111.000000
2 23 0.000362 3168757.750000
2 62 0.000976 936906.937500
2 9 0.000142 512751.093750
2 102 0.001605 135795.484375
2 167 0.002628 8748585.000000
2 10 0.000157 1278629.875000
2 1 0.000016 0.000000
2 418 0.006581 6739846.000000
2 363 0.005716 8194197.500000
1 185 0.002914 1349734.250000
2 94 0.001481 2338314.000000
2 6 0.000095 50965.386719
2 1161 0.018301 42029332.000000
1 719 0.011334 21203126.000000
2 29 0.000457 1026672.000000
2 12 0.000189 14.085068
2 99 0.001561 2561.683105
2 177 0.002819 6504567.500000
2 41 0.000653 5676514.000000
2 75 0.001196 110299.054688
1 30490 0.488293 476124992.000000
1 4524 0.072462 56768308.000000
1 2882 0.046162 64048664.000000
1 62 0.000993 692176.875000
1 20431 0.327331 280865856.000000
1 2411 0.038630 28371136.000000
1 1292 0.020705 4826077.500000
1 49 0.000785 406656.843750
1 546 0.008751 1164.743774
1 4397 0.070479 67701304.000000
1 78 0.001252 532499.437500
1 159 0.002552 0.526693
1 18 0.000289 0.032370
1 15 0.000241 15910.536133
1 292 0.004700 13289125.000000
2 256 0.004151 217892.828125
1 1421 0.023051 18520056.000000
2 29 0.000471 134995.812500
2 919 0.014914 21323210.000000
1 79 0.001288 0.000029
2 952 0.015570 56880540.000000
2 112 0.001836 404147.937500
2 35 0.000574 0.000067
2 205 0.003364 5517585.000000
2 26 0.000427 0.000000
2 617 0.010134 0.000086
2 15 0.000246 0.000000
2 18 0.000297 0.000000
1 1835 0.030277 83133936.000000
1 1286 0.021250 14429304.000000
1 223 0.003693 3849073.500000
1 197 0.003263 54019.761719
1 709 0.011744 8780390.000000
1 262 0.004342 1178291.125000
1 2 0.000034 0.000000
1 2 0.000034 0.000000
1 494 0.008316 4511124.000000
1 1 0.000017 0.000000
1 85 0.001431 4304241.500000
1 292 0.004917 6677370.000000
1 1373 0.023127 13964792.000000
1 391 0.006587 8628799.000000
1 240 0.004043 1981678.750000
1 217 0.003656 3974315.000000
1 1 0.000017 0.000000
1 8087 0.136301 141888464.000000
1 202 0.003405 3325906.500000
1 146 0.002461 761374.937500
1 162 0.002733 454803.000000
1 166 0.002801 946968.875000
2 144 0.002430 4067990.500000
2 322 0.005435 3955586.500000
1 1143 0.019295 1887161.750000
1 46 0.000777 180885.375000
1 2177 0.036767 18749264.000000
1 2154 0.036381 76406800.000000
1 17386 0.294135 307809760.000000
1 12 0.000203 38255.589844
1 38 0.000643 719989.875000
1 1149 0.019444 20330736.000000
1 1 0.000017 0.000000
1 1509 0.025538 70134448.000000
1 1075 0.018211 26779106.000000
1 23370 0.395954 311416736.000000
1 230 0.003901 5099584.500000
1 1700 0.028836 27102444.000000
2 6 0.000102 23334.457031
1 142 0.002409 986813.625000
1 12 0.000204 91730.593750
1 53 0.000899 1467673.375000
1 1713 0.029077 60073716.000000
1 2445 0.041523 94432864.000000
1 182 0.003091 10335226.000000
1 956 0.016246 35943888.000000
1 70 0.001190 474194.875000
1 1408 0.023931 25285476.000000
1 478 0.008127 8481992.000000
1 294 0.004999 10394935.000000
1 51 0.000867 52.430111
1 47 0.000800 1198764.250000
1 1345 0.022889 44834728.000000
1 145 0.002468 4366306.000000
2 73 0.001243 1952575.875000
1 629 0.010712 13125180.000000
1 188 0.003202 8794307.000000
1 1641 0.027957 19286348.000000
1 1512 0.025760 121565.671875
2 692 0.011858 13936960.000000
1 1 0.000017 0.000000
1 1 0.000017 0.000000
1 461 0.007902 7480189.000000
1 744 0.012830 13243124.000000
2 5 0.000086 36403.792969
1 42 0.000725 9207743.000000
2 306 0.005289 5231414.500000
1 1772 0.030633 29528334.000000
2 5 0.000086 0.003641
1 123 0.002127 7775450.000000
2 1 0.000017 0.000000
1 706 0.012209 13276169.000000
2 12 0.000208 98195.007812
1 645 0.011161 9171027.000000
2 93 0.001611 0.003335
2 11 0.000191 0.062957
2 7 0.000121 0.015720
2 28 0.000485 0.051008
2 23 0.000399 293247.093750
2 5522 0.096226 156425440.000000
2 40 0.000697 1519064.000000
1 701 0.012219 95574.632812
2 2313 0.040318 23952894.000000
2 43 0.000750 0.001406
2 249 0.004342 4906014.000000
2 67 0.001169 0.000014
2 71 0.001238 0.000026
2 31 0.000541 8356.384766
2 20 0.000349 0.000003
2 84 0.001466 0.000016
2 1298 0.022658 19058686.000000
2 4 0.000070 0.000000
1 1 0.000017 0.000000
2 2 0.000035 0.000000
2 12 0.000210 0.000000
2 3239 0.056697 60120124.000000
2 40 0.000700 388462.843750
2 67 0.001175 0.000000
2 1 0.000018 0.000000
2 1 0.000018 0.000000
2 35 0.000614 0.000000
2 1189 0.021145 6346503.500000
2 41 0.000731 0.000060
1 1280 0.022891 39312092.000000
2 259 0.004656 28651.042969
1 1024 0.018409 1488802.625000
2 7 0.000126 0.000000
2 7 0.000126 30678.935547
2 1218 0.021907 24069778.000000
2 36 0.000648 243.989197
2 40 0.000720 337.122894
1 804 0.014524 8584228.000000
2 20 0.000361 995277.062500
1 656 0.011870 7633644.500000
2 96 0.001757 3004474.500000
2 49 0.000897 380028.375000
1 1021 0.018771 6832944.500000
2 1318 0.024258 26750290.000000
2 5 0.000092 0.000000
2 15 0.000276 0.000000
2 2923 0.053957 23181006.000000
2 39 0.000723 0.000004
2 30 0.000556 0.000398
2 8 0.000148 0.000006
2 1835 0.034059 42545664.000000
1 86 0.001596 778378.375000
2 119 0.002209 72569.562500
2 3 0.000056 0.000000
2 485 0.009003 7887899.500000
2 148 0.002748 1428215.625000
1 1364 0.025356 15068649.000000
1 1984 0.036885 17108802.000000
2 4 0.000076 0.000000
2 2 0.000038 0.000000
2 12 0.000228 0.000000
1 2130 0.040462 41749516.000000
2 888 0.016873 13953613.000000
2 26 0.000494 255.909500
2 41 0.000780 281673.687500
2 427 0.008118 18416430.000000
2 59 0.001122 1232862.625000
2 3 0.000057 0.000000
2 48 0.000913 0.000290
2 20 0.000381 0.000018
2 267 0.005081 2260931.750000
2 11 0.000209 0.000000
2 5 0.000095 60.746502
2 216 0.004115 6705091.000000
2 833 0.015874 14343490.000000
2 9 0.000172 0.000000
1 164 0.003142 6233065.000000
2 165 0.003162 1433.293823
2 520 0.009964 0.000118
1 1433 0.027460 9004639.000000
2 6 0.000115 0.000250
2 462 0.008859 11175440.000000
2 10 0.000192 0.000000
2 9 0.000173 187.996567
2 6 0.000115 0.001666
2 2 0.000038 0.000000
2 2 0.000038 0.000000
2 5 0.000096 0.000000
2 9 0.000173 0.000000
2 2 0.000038 0.000000
2 1 0.000019 0.000000
2 79 0.001516 1041800.187500
2 2 0.000038 0.000000
2 26 0.000499 658997.062500
2 59 0.001133 1332.508911
2 3 0.000058 0.000000
2 89 0.001709 2005105.750000
2 8 0.000154 0.000000
2 59 0.001134 1027173.875000
2 6 0.000115 0.000000
2 4 0.000077 0.000000
2 197 0.003788 8406108.000000
2 8 0.000154 170775.109375
1 494 0.009499 9792270.000000
2 573 0.011019 8719681.000000
2 645 0.012406 27593152.000000
2 184 0.003539 2505.377197
2 13 0.000250 0.000002
2 1919 0.036924 38614864.000000
2 4 0.000077 0.000000
2 9 0.000173 635906.750000
2 40 0.000770 0.000001
2 1 0.000019 0.000000
2 801 0.015422 30878018.000000
2 6 0.000116 0.000000
2 276 0.005315 11211.814453
2 20 0.000385 0.002132
1 450 0.008667 7377899.000000
2 49 0.000944 0.000001
2 1 0.000019 0.000000
2 1 0.000019 0.000000
2 12 0.000231 0.000007
2 7 0.000135 0.000001
2 1 0.000019 0.000000
2 8 0.000154 0.000014
2 112 0.002162 1213405.125000
2 7 0.000135 0.000000
2 700 0.013516 76654024.000000
2 18 0.000348 0.000001
2 43 0.000830 0.000016
2 3 0.000058 0.000000
2 3349 0.064701 50309376.000000
2 14 0.000271 0.000026
2 43 0.000831 0.000001
2 3 0.000058 0.000000
2 4 0.000077 0.000000
2 150 0.002903 2478198.750000
2 1 0.000019 0.000000
2 596 0.011537 5165294.500000
2 10 0.000194 0.000000
2 1 0.000019 0.000000
2 95 0.001841 539.423767
2 3 0.000058 0.000000
2 1 0.000019 0.000000
2 1102 0.021400 18491174.000000
1 978 0.019007 28800890.000000
2 771 0.014984 55279540.000000
2 2 0.000039 0.000000
1 1088 0.021262 1507169.250000
1 12 0.000235 0.001432
1 7 0.000137 1084.799927
1 7898 0.154378 158646816.000000
1 683 0.013351 9490203.000000
1 45 0.000880 454137.531250
1 403 0.007879 29497778.000000
1 4811 0.094073 62776596.000000
1 110 0.002151 4281020.500000
1 2464 0.048185 42128144.000000
1 1 0.000020 0.000000
1 4 0.000078 0.000000
1 286 0.005595 5845547.500000
2 1 0.000020 0.000000
2 28 0.000548 0.000000
2 171 0.003347 3552100.250000
2 522 0.010217 10396573.000000
2 2 0.000039 0.000000
2 25 0.000490 0.006879
2 88 0.001725 777255.312500
2 3 0.000059 0.000000
2 75 0.001471 2958819.500000
1 265 0.005197 19872252.000000
2 24 0.000471 1.757519
2 453 0.008886 27767262.000000
2 2 0.000039 0.000000
2 13 0.000256 0.000027
2 24 0.000472 0.000000
2 4 0.000079 0.000000
2 3 0.000059 0.000054
2 8 0.000158 0.000191
2 231 0.004552 659.767944
2 152 0.002998 2522402.750000
2 979 0.019307 21367732.000000
2 2490 0.049110 39171708.000000
2 33 0.000651 0.000000
2 48 0.000947 0.000033
2 1604 0.031656 32132994.000000
2 244 0.004817 2002294.875000
2 277 0.005470 7284017.000000
2 11 0.000217 1058253.875000
2 106 0.002093 2472164.500000
2 275 0.005432 6458374.500000
2 634 0.012536 11533226.000000
2 46 0.000910 11788.380859
2 468 0.009257 0.000100
2 845 0.016715 13482358.000000
1 577 0.011426 6119228.000000
2 39 0.000773 3220211.000000
2 707 0.014019 48248032.000000
2 595 0.011821 0.000122
2 76 0.001510 0.000002
2 68 0.001353 1625609.250000
2 18 0.000363 0.000001
1 17726 0.358296 269077280.000000
2 13 0.000263 29486.537109
1 1 0.000020 0.000000
1 9780 0.197840 149872432.000000
1 5453 0.110394 104990408.000000
1 82 0.001661 1131931.250000
1 5 0.000101 875710.187500
1 26606 0.539249 488294400.000000
1 331 0.006709 14203058.000000
1 14 0.000284 461797.906250
1 747 0.015143 10681181.000000
1 257 0.005211 2609599.250000
2 516 0.010464 4936.746094
1 5795 0.117517 117653680.000000
1 10181 0.206478 210557760.000000
1 66 0.001339 1096527.000000
1 1 0.000020 0.000000
1 13 0.000264 0.000008
1 1643 0.033459 5619771.000000
1 3291 0.067028 57813.027344
1 271 0.005522 6185520.500000
2 255 0.005199 84627.859375
2 211 0.004308 6768235.000000
2 505 0.010322 2528460.250000
2 1808 0.036955 34714384.000000
1 1665 0.034144 16920030.000000
1 400 0.008218 772695.187500
2 299 0.006211 4857435.500000
2 1574 0.032700 64679744.000000
1 5 0.000104 0.000000
1 6805 0.141397 862181.437500
1 1973 0.041004 25541400.000000
2 2308 0.047977 36412424.000000
2 23 0.000479 0.000000
2 5 0.000104 0.000000
2 1 0.000021 0.000000
2 78 0.001626 2543902.000000
2 32 0.000668 0.000008
2 2264 0.047279 8310855.000000
1 53 0.001107 459.404053
2 141 0.002947 0.000000
2 3 0.000063 0.000000
2 14 0.000293 0.000000
2 65 0.001359 47866.046875
1 330 0.006904 3443817.500000
2 50 0.001049 0.000000
2 25 0.000525 0.000000
2 2 0.000042 0.000000
2 339 0.007144 293440.343750
2 7 0.000148 0.000000
2 176 0.003715 0.000003
1 34 0.000728 3715981.000000
2 50 0.001071 0.000017
1 16894 0.363171 379219552.000000
1 108 0.002322 0.000021
1 190 0.004085 1950312.250000
1 86 0.001850 81969.007812
2 251 0.005400 1.337067
2 320 0.006939 6949653.000000
2 352 0.007642 1223006.875000
2 8 0.000174 0.000008
2 605 0.013155 8334611.000000
2 4 0.000087 0.000000
2 226 0.004924 11010442.000000
2 13 0.000283 0.000000
2 221 0.004826 0.000037
2 2 0.000044 0.000000
2 14 0.000308 0.000001
2 4 0.000088 0.000000
2 112 0.002467 865547.562500
2 34 0.000749 512135.531250
2 20 0.000443 0.000008
2 52 0.001163 0.000033
2 105 0.002359 0.000071
2 24 0.000539 0.000000
2 18 0.000405 0.000007
2 75 0.001686 7295753.500000
2 123 0.002767 7236189.000000
2 22 0.000496 80.306404
2 10 0.000225 0.000009
2 1 0.000023 0.000000
2 47 0.001060 0.000010
2 12 0.000271 0.000003
2 251 0.005662 10282140.000000
2 12 0.000271 0.000000
1 239 0.005400 576312.687500
1 188 0.004248 1451688.500000
1 1 0.000023 0.000000
1 5 0.000113 0.000000
2 3 0.000068 0.000000
2 1148 0.026078 29204546.000000
2 22 0.000501 883228.625000
2 40 0.000911 0.000011
2 2 0.000046 0.000000
2 9 0.000205 365880.406250
2 1721 0.039204 72656968.000000
2 5 0.000114 0.000000
1 14 0.000319 2478.727051
1 23825 0.542822 588436224.000000
1 759 0.017293 413116.218750
1 1800 0.041013 63353328.000000
2 3 0.000068 0.003570
2 7 0.000160 0.000000
2 15 0.000342 2916.062988
1 641 0.014615 15147438.000000
2 33 0.000752 5405.895020
2 128 0.002919 20176.251953
2 596 0.013595 0.000099
1 376 0.008577 0.000051
1 2226 0.050813 26873090.000000
2 238 0.005434 1778558.250000
2 1237 0.028248 37234052.000000
2 234 0.005346 0.000023
2 107 0.002448 703616.312500
2 12 0.000275 0.000000
2 7 0.000160 0.001081
2 114 0.002615 5945082.000000
2 1 0.000023 0.000000
2 2 0.000046 0.000000
2 4 0.000092 0.000000
2 37 0.000850 568906.875000
2 774 0.017774 14846709.000000
2 49 0.001126 10140358.000000
1 5258 0.120968 127864424.000000
1 20 0.000460 28847.916016
1 858 0.019775 27774142.000000
1 1227 0.028286 103871.406250
1 13 0.000300 1646.426514
2 3601 0.083865 147246288.000000
1 357 0.008315 5648844.000000
2 1959 0.045639 15961237.000000
2 7 0.000163 0.000017
2 118 0.002755 0.000044
1 728 0.017005 54272.507812
2 574 0.013417 26029308.000000
1 619 0.014470 10720655.000000
2 39 0.000912 1356921.250000
2 2 0.000047 43477.398438
1 1548 0.036203 24142550.000000
2 7 0.000164 196100.781250
1 1229 0.028752 57938108.000000
2 1 0.000023 0.000000
1 1432 0.033507 25816472.000000
1 615 0.014394 17409702.000000
2 246 0.005759 31050984.000000
2 43 0.001012 4667388.000000
2 3 0.000071 42751.062500
2 365 0.008591 16805152.000000
2 1 0.000024 0.000000
2 2 0.000047 0.000000
2 1 0.000024 0.000000
1 88 0.002072 4912315.000000
2 20 0.000471 192539.781250
2 1 0.000024 0.000000
2 560 0.013191 4257737.000000
2 27 0.000636 2035235.375000
2 2 0.000047 0.000000
2 2 0.000047 0.000000
2 1 0.000024 0.000000
2 1 0.000024 0.000000
2 1 0.000024 0.000000
2 1 0.000024 0.000000
2 1 0.000024 0.000000
2 1128 0.026599 38548220.000000
2 13 0.000307 0.000003
2 2 0.000047 0.000000
2 3441 0.081154 145757600.000000
2 298 0.007029 4311889.000000
2 1 0.000024 0.000000
2 1 0.000024 0.000000
2 92 0.002170 5470479.000000
2 1 0.000024 0.000000
2 326 0.007691 10120601.000000
2 4052 0.095616 119172760.000000
2 1775 0.041887 40133168.000000
2 1 0.000024 0.000000
2 10 0.000236 0.000000
2 376 0.008882 9938741.000000
2 1714 0.040531 17369010.000000
2 35 0.000828 18247.503906
2 1 0.000024 0.000000
2 31 0.000734 1768712.375000
2 11 0.000260 0.000000
2 2 0.000047 0.000000
2 1 0.000024 0.000000
2 16 0.000379 450327.718750
2 98 0.002320 2741597.750000
2 8 0.000190 0.002458
2 67 0.001587 1150844.875000
2 310 0.007346 7169771.500000
2 927 0.021972 16605400.000000
2 495 0.011738 2979.019043
2 5 0.000119 0.000000
2 5 0.000119 0.000000
2 4868 0.116073 118653656.000000
2 163 0.003888 0.000082
2 50 0.001193 0.000000
2 13 0.000310 0.000000
1 5601 0.133637 103600096.000000
2 21 0.000501 132.427811
2 1 0.000024 0.000000
2 3 0.000072 0.000000
1 3879 0.092688 51483364.000000
2 68 0.001625 1618343.750000
1 17 0.000412 0.000031
1 348 0.008434 13585885.000000
1 2867 0.069500 45542668.000000
1 3529 0.085556 115462992.000000
1 6696 0.162339 167647264.000000
1 10 0.000242 0.000000
1 1084 0.026295 16267469.000000
2 5 0.000121 0.000000
1 416 0.010421 11224590.000000
2 9 0.000225 1.654558
2 204 0.005111 3049961.750000
2 2 0.000050 0.000000
1 1741 0.043670 24154380.000000
1 80 0.002007 142756.875000
1 168 0.004216 6995232.500000
1 11 0.000276 171245.218750
2 23 0.000578 447.463959
1 35 0.000880 1625162.875000
2 323 0.008121 16237902.000000
2 7 0.000176 1351815.375000
2 25 0.000634 4402.175781
1 1198 0.030473 3309908.750000
1 26 0.000661 0.000811
1 48 0.001221 1492.572021
1 126 0.003206 1162760.500000
2 1 0.000026 0.000000
2 388 0.009996 0.000190
2 1 0.000026 0.000000
2 225 0.005798 6489235.500000
1 844 0.021762 15024548.000000
1 2233 0.057592 60599852.000000
1 910 0.023478 28763154.000000
2 1502 0.038766 31558.003906
1 1 0.000026 0.000000
2 231 0.005965 6291031.500000
2 1 0.000026 0.000000
1 581 0.015050 16284003.000000
2 1 0.000026 0.000000
1 764 0.020063 37936328.000000
1 560 0.014707 56229868.000000
1 1 0.000026 0.000000
1 2632 0.069172 64992256.000000
2 15 0.000396 1076471.000000
2 20 0.000528 2487848.250000
1 6 0.000159 0.000000
1 675 0.017847 17628520.000000
1 51 0.001349 1068998.625000
1 24 0.000636 0.000000
2 33 0.000881 1978.188843
2 200 0.005340 6027764.500000
1 1307 0.034909 12425461.000000
1 1099 0.029355 28294642.000000
1 265 0.007083 8886626.000000
2 314 0.008392 6836705.000000
1 15 0.000401 961.111328
2 346 0.009253 5209075.500000
1 214 0.005724 5673899.500000
2 168 0.004496 2960067.000000
2 21 0.000562 9437.552734
2 5 0.000134 0.000032
2 32 0.000857 5519.971191
2 115 0.003084 3924256.750000
2 15 0.000403 0.082881
2 9 0.000242 0.000479
1 148 0.003989 6504428.500000
2 13 0.000350 262471.218750
2 1 0.000027 0.000000
1 14 0.000377 0.005064
1 812 0.021927 58356360.000000
2 108 0.002917 2750542.250000
1 60 0.001621 63112.820312
2 10 0.000270 56265.058594
2 302 0.008163 10256669.000000
2 3 0.000081 0.000158
2 8 0.000217 0.000000
2 252 0.006834 7185927.500000
2 8 0.000217 1030611.750000
2 71 0.001930 2497094.500000
1 546 0.014846 10056333.000000
2 294 0.007995 2108726.250000
1 69 0.001877 4348711.500000
2 6 0.000163 1114.953613
2 1 0.000027 0.000000
2 88 0.002410 1191633.875000
1 199 0.005450 3505931.500000
2 63 0.001726 2448562.000000
1 834 0.022872 32574604.000000
2 83 0.002278 2564108.500000
1 570 0.015649 8464789.000000
1 847 0.023256 26736612.000000
1 1217 0.033431 45386.820312
1 948 0.026051 26831.562500
2 151 0.004154 1288740.125000
2 547 0.015053 17022072.000000
1 80 0.002202 482638.750000
2 4 0.000110 1109.434814
1 970 0.026747 11422612.000000
2 398 0.010977 15095735.000000
2 448 0.012364 10113522.000000
2 169 0.004664 3028080.000000
2 499 0.013783 7377359.000000
1 107 0.002960 4.699536
1 155 0.004291 8395450.000000
2 60 0.001663 563540.437500
2 10 0.000277 0.025677
2 6 0.000166 491.249146
1 1192 0.033066 48505560.000000
2 43 0.001194 675882.125000
1 174 0.004833 5435547.000000
2 2 0.000056 0.000000
2 10 0.000278 29315.289062
2 1 0.000028 0.000000
2 1 0.000028 0.000000
2 2 0.000056 54290.667969
2 6 0.000167 1714426.875000
1 6 0.000167 0.000004
2 2 0.000056 65722.929688
2 1 0.000028 0.000000
2 1 0.000028 0.000000
2 109 0.003034 2328464.250000
1 444 0.012379 11809199.000000
1 95 0.002650 15803.088867
2 12 0.000335 3685.637451
2 369 0.010296 8585195.000000
2 61 0.001703 806646.437500
2 4 0.000112 38270.472656
2 81 0.002265 2749958.000000
2 281 0.007857 9420515.000000
2 16 0.000447 1837.134155
2 206 0.005763 6394889.000000
2 56 0.001567 3235137.500000
2 1181 0.033083 25493296.000000
2 297 0.008321 3705250.000000
2 9 0.000252 71004.554688
1 420 0.011787 14507389.000000
1 119 0.003342 4307927.500000
2 278 0.007808 8068813.000000
2 40 0.001124 2062941.375000
2 102 0.002867 3877300.000000
1 579 0.016286 2854047.000000
1 273 0.007682 6308783.500000
2 1 0.000028 0.000000
2 94 0.002647 5597936.000000
2 110 0.003097 5893652.500000
1 8 0.000225 1063586.250000
2 85 0.002399 1308493.750000
1 28 0.000793 0.000011
2 2 0.000057 0.000000
1 72 0.002041 3456782.250000
1 33 0.000937 2263742.000000
1 3 0.000085 0.000000
2 111 0.003162 2118315.000000
1 105 0.002994 2307936.000000
1 418 0.011926 5830225.000000
2 542 0.015511 3893156.250000
2 82 0.002353 594446.187500
2 271 0.007778 6761085.500000
2 155 0.004449 4408429.500000
2 166 0.004766 2274322.500000
2 191 0.005501 3700035.750000
1 106 0.003056 12541120.000000
2 125 0.003604 1293204.000000
1 857 0.024838 11466314.000000
2 931 0.027009 26544392.000000
1 1140 0.033092 27300186.000000
2 3 0.000087 0.000004
2 126 0.003663 620522.562500
2 21 0.000611 0.012900
1 432 0.012580 7796421.500000
2 605 0.017623 17809982.000000
1 3 0.000087 0.000000
1 10 0.000291 216381.656250
2 325 0.009476 4335961.500000
2 111 0.003252 1245165.625000
1 206 0.006036 2967675.250000
1 320 0.009383 6266382.000000
1 51 0.001503 69763.945312
2 423 0.012484 13057764.000000
2 246 0.007267 6503452.500000
2 3 0.000089 120030.890625
1 36 0.001064 2013.638550
1 119 0.003518 718394.375000
1 43 0.001271 1283368.750000
1 144 0.004258 6240517.000000
2 10 0.000296 23585.931641
2 245 0.007246 4860000.000000
1 582 0.017217 20920998.000000
2 16 0.000473 717693.625000
1 23 0.000682 0.014347
2 242 0.007182 5898002.000000
1 66 0.001960 2246607.000000
2 224 0.006656 5718546.500000
2 27 0.000804 1643342.375000
1 59 0.001757 2776879.000000
1 120 0.003584 4674455.000000
1 48 0.001434 5274497.000000
1 214 0.006402 5057213.500000
1 19 0.000569 734245.625000
2 21 0.000628 736013.750000
2 97 0.002903 5021036.500000
1 38 0.001138 1024512.000000
1 318 0.009521 1366480.875000
1 212 0.006349 3842149.500000
2 63 0.001887 1247830.375000
2 162 0.004853 5737126.500000
2 224 0.006711 4537723.500000
1 95 0.002849 7419004.500000
1 115 0.003449 2109383.500000
1 373 0.011190 13697875.000000
1 34 0.001022 309354.500000
2 27 0.000811 0.089533
1 87 0.002646 3531636.250000
1 45 0.001378 7935483.500000
1 193 0.005923 9614498.000000
1 1309 0.041071 42161272.000000
1 232 0.007279 4579299.500000
1 1806 0.056700 108757384.000000
1 1403 0.044050 23965662.000000
1 32 0.001015 0.000032
1 67 0.002128 3813.317383
2 2 0.000064 0.000000
1 37 0.001175 0.000066
2 65 0.002066 757943.437500
2 219 0.006977 10411995.000000
2 18 0.000574 2099457.250000
2 1 0.000032 0.000000
2 325 0.010365 8716211.000000
1 1379 0.044069 28038216.000000
2 8 0.000256 0.003823
1 608 0.019435 14154373.000000
1 17 0.000544 3326505.750000
1 190 0.006077 3094736.500000
1 43 0.001376 751409.437500
1 46 0.001472 2013824.750000
2 247 0.007915 12826465.000000
1 18 0.000577 1956527.500000
2 407 0.013285 15078640.000000
2 344 0.011258 7131888.500000
1 234 0.007671 10594594.000000
1 178 0.005839 4780167.500000
2 4 0.000131 0.000001
2 52 0.001715 991285.000000
2 201 0.006631 6534611.000000
1 413 0.013637 5243182.000000
1 14 0.000463 0.058103
2 236 0.007810 6146910.000000
2 108 0.003603 3239040.250000
2 6 0.000201 309782.750000
1 362 0.012118 9295046.000000
2 123 0.004118 1377191.625000
2 6 0.000201 81.132256
2 32 0.001080 0.045081
2 235 0.007936 5598638.000000
2 87 0.002942 3582190.750000
2 93 0.003146 2953810.750000
2 87 0.002944 1550594.375000
2 31 0.001049 325095.531250
1 176 0.006010 9334174.000000
1 248 0.008471 5817428.500000
1 3716 0.126939 114441096.000000
2 7 0.000239 10.380924
2 327 0.011256 14270637.000000
2 33 0.001140 97420.632812
2 149 0.005148 1516762.125000
2 58 0.002006 1159055.000000
1 11 0.000381 734841.812500
2 19 0.000659 1342307.375000
1 7300 0.253446 209593008.000000
1 141 0.004901 2863065.750000
1 263 0.009145 4978898.000000
1 673 0.023405 20547668.000000
2 26 0.000905 6631567.500000
2 17 0.000591 712967.062500
2 79 0.002750 658.726868
2 161 0.005605 1694137.500000
1 117 0.004082 975394.437500
2 95 0.003317 2151803.500000
1 267 0.009360 2713531.250000
1 13 0.000456 1348.342651
2 47 0.001655 4424824.500000
2 15 0.000529 1029.118896
1 6431 0.226635 161933760.000000
2 23 0.000811 0.000087
1 202 0.007130 6772385.000000
1 191 0.006744 4496154.500000
1 181 0.006394 3424525.250000
1 170 0.006006 7447704.500000
1 353 0.012477 19032920.000000
2 251 0.008999 6681590.000000
2 11 0.000396 642461.812500
2 77 0.002775 2519230.250000
2 4 0.000146 824684.312500
1 60 0.002188 112583.140625
1 17 0.000622 137.764526
2 24 0.000879 1123117.750000
2 133 0.004871 4371930.500000
2 26 0.000962 1619022.750000
2 130 0.004816 4186638.750000
1 182 0.006760 50630076.000000
1 9531 0.363307 175128848.000000
2 840 0.032062 7051070.500000
1 268 0.010464 21747946.000000
2 1 0.000039 0.000048
2 1 0.000039 0.000048
2 2 0.000079 0.000087
2 1 0.000039 0.000058
2 397 0.015736 13617422.000000
2 317 0.012580 7191244.000000
2 520 0.020673 25601512.000000
1 1810 0.072565 65999768.000000
2 71 0.002846 1319192.125000
1 58 0.002346 11069642.000000
2 1 0.000042 0.000239
2 103 0.004294 2730431.000000
2 140 0.005838 8251171.500000
1 435 0.018139 11679936.000000
2 222 0.009262 21320544.000000
1 567 0.023660 21381076.000000
2 211 0.008809 11724547.000000
2 2 0.000084 0.000380
1 1797 0.075422 72651480.000000
2 9 0.000378 0.001127
2 80 0.003360 152.344986
2 6 0.000253 0.000675
2 962 0.041503 34984336.000000
2 1 0.000043 0.000516
1 211 0.009111 12611947.000000
2 5 0.000216 0.004502
2 6 0.000260 6522.730469
1 1 0.000043 0.000278
2 149 0.006455 6106909.000000
2 449 0.019479 17933138.000000
2 745 0.032324 22807310.000000
2 13 0.000564 0.004419
2 85 0.003691 0.060721
2 5725 0.248664 347601248.000000
1 14 0.000608 431346.625000
1 72 0.003128 691225.562500
1 309 0.013425 5984056.000000
1 376 0.016336 3006732.250000
1 922 0.040063 17753330.000000
1 437 0.018988 10056661.000000
1 808 0.035111 4107132.000000
2 33 0.001435 0.015891
1 1642 0.071438 40677508.000000
2 1123 0.048890 28582412.000000
2 17 0.000741 872659.687500
2 10 0.000436 0.006671
2 5 0.000218 0.002900
1 413 0.018113 23028726.000000
2 35 0.001535 0.032756
1 254 0.011185 612805.125000
2 97 0.004302 2134958.750000
2 5 0.000222 0.030173
2 5 0.000222 126.463951
2 2 0.000089 0.000503
2 57 0.002543 2389491.250000
2 6 0.000268 6.444428
2 29 0.001295 1059011.750000
2 121 0.005411 1267376.750000
2 70 0.003141 2040330.625000
1 19 0.000872 14860.053711
1 13 0.000597 29310.441406
1 2 0.000092 0.000949
1 941 0.043219 33179968.000000
1 3 0.000138 0.003248
2 1 0.000047 0.003853
2 1 0.000047 0.003859
2 1 0.000047 0.003861
2 1 0.000047 0.003871
1 1 0.000047 0.003869
1 1 0.000047 0.003875
1 1 0.000047 0.003877
1 1 0.000047 0.004121
2 1 0.000048 0.004327
2 1 0.000048 0.004334
2 1 0.000048 0.004336
2 1 0.000048 0.004351
1 1 0.000048 0.004345
1 1 0.000048 0.004356
2 1 0.000048 0.004354
2 1 0.000048 0.004360
1 1 0.000048 0.004362
1 1 0.000048 0.005073
2 218 0.010421 19503464.000000
2 26 0.001244 0.701529
2 1 0.000048 0.004679
2 1 0.000048 0.004686
2 1 0.000048 0.004688
2 1 0.000048 0.004700
1 1 0.000048 0.004698
1 1 0.000048 0.004705
1 1 0.000048 0.004707
1 1 0.000048 0.005245
2 2 0.000097 0.010684
2 1 0.000048 0.005721
2 1 0.000048 0.005730
2 1 0.000048 0.005732
2 1 0.000048 0.005758
1 1 0.000048 0.005767
1 1 0.000048 0.005776
1 1 0.000048 0.005778
1 1 0.000048 0.008778
2 30 0.001495 5763951.500000
2 3 0.000149 0.010252
2 36 0.001794 1830001.375000
2 2 0.000100 22374.222656
1 2 0.000100 0.010257
2 2 0.000100 0.010293
1 81 0.004038 4753042.500000
2 1 0.000050 0.010448
1 1 0.000050 0.010464
2 1 0.000050 0.010469
1 1 0.000050 0.010495
2 1 0.000050 0.010490
1 1 0.000050 0.010506
2 1 0.000050 0.010511
1 1 0.000050 0.010671
2 1 0.000050 0.010559
2 1 0.000050 0.010580
2 1 0.000050 0.010585
1 1 0.000050 0.005295
1 8 0.000399 2177.888672
2 1 0.000050 0.010617
2 1 0.000050 0.010627
2 1 0.000050 0.005316
1 796 0.039752 25606490.000000
2 1 0.000050 0.010659
2 1 0.000050 0.010681
1 1 0.000050 0.010681
1 1 0.000050 0.010691
1 1 0.000050 0.010761
2 1 0.000050 0.010724
2 1 0.000050 0.010740
2 1 0.000050 0.010745
2 1 0.000050 0.010772
1 1 0.000050 0.010777
1 1 0.000050 0.010783
1 1 0.000050 0.010788
1 1 0.000050 0.010810
3 2 0.000100 0.010815
1 2 0.000100 4.170691
2 1 0.000050 0.011201
2 1 0.000050 0.011234
2 1 0.000050 0.011308
2 3 0.000150 264320.000000
2 1 0.000050 0.011652
2 1 0.000050 0.011670
2 1 0.000050 0.011675
2 1 0.000050 0.011705
1 1 0.000050 0.011699
1 1 0.000050 0.011716
1 1 0.000050 0.011722
1 1 0.000050 0.011752
1 1 0.000050 0.011746
1 1 0.000050 0.011763
1 1 0.000050 0.011769
1 22 0.001104 9297956.000000
1 197 0.009910 11688480.000000
1 2233 0.112403 90909720.000000
2 1 0.000050 0.011941
2 56 0.002820 3247268.750000
2 1587 0.079921 78667144.000000
2 104 0.005241 391946.312500
1 214 0.010791 4374434.000000
2 15 0.000758 3963.277344
2 26 0.001313 40864.218750
2 721 0.036460 34211268.000000
2 1012 0.051199 54138508.000000
2 62 0.003139 1809372.500000
2 249 0.012624 2956899.000000
2 219 0.011111 16749093.000000
2 1 0.000051 0.014092
2 2 0.000102 0.024227
2 1 0.000051 0.014420
2 85 0.004343 4531865.000000
2 601 0.031119 10350481.000000
1 1 0.000052 0.021830
1 8 0.000416 0.057485
1 1 0.000052 0.010948
1 1223 0.063665 69888016.000000
2 1 0.000052 0.022985
2 1 0.000052 0.023112
2 1 0.000052 0.023100
2 1 0.000052 0.023146
2 1 0.000052 0.023193
2 1 0.000052 0.023216
2 1 0.000052 0.023605
2 1 0.000052 0.023756
2 1 0.000052 0.023804
2 1 0.000052 0.023828
2 1 0.000052 0.023911
2 1 0.000052 0.023959
2 1 0.000052 0.011992
1 24 0.001255 3603499.250000
2 1 0.000052 0.024443
1 13 0.000680 3179866.500000
2 1 0.000052 0.024928
1 37 0.001939 4420243.500000
2 1 0.000052 0.026929
1 286 0.015035 12465174.000000
1 1 0.000053 0.028245
1 1 0.000053 0.028288
1 1 0.000053 0.028302
1 1 0.000053 0.028430
1 1 0.000053 0.028472
1 1 0.000053 0.028515
1 1 0.000053 0.028529
1 1 0.000053 0.031173
2 1 0.000053 0.033050
2 3 0.000159 470000.343750
2 1 0.000053 0.033116
2 1 0.000053 0.033199
2 1 0.000053 0.033182
2 1 0.000053 0.033232
2 1 0.000053 0.033248
2 1 0.000053 0.033534
1 1 0.000053 0.033583
1 1 0.000053 0.033633
1 1 0.000053 0.033650
1 1 0.000053 0.033734
1 1 0.000053 0.033717
1 2 0.000106 233944.281250
1 1 0.000053 0.033785
1 16 0.000851 7296457.500000
2 65 0.003482 5226984.000000
1 1 0.000054 0.040009
2 34 0.001826 9082012.000000
2 1 0.000054 0.041105
2 1 0.000054 0.041063
2 1 0.000054 0.041104
2 1 0.000054 0.041146
2 1 0.000054 0.041187
2 13 0.000699 3405041.250000
2 1 0.000054 0.041456
2 1013 0.054524 92488624.000000
2 1 0.000054 0.020769
2 94 0.005062 5233346.500000
2 1 0.000054 0.041914
2 1 0.000054 0.042103
2 1 0.000054 0.042939
2 2 0.000108 0.042399
2 26 0.001402 1531287.375000
2 348 0.018764 47653784.000000
3 1 0.000054 0.042976
3 1 0.000054 0.043040
3 1 0.000054 0.043366
2 1 0.000054 0.043626
2 1 0.000054 0.044357
2 2 0.000108 243009.859375
2 1 0.000054 0.044977
2 1 0.000054 0.045022
2 18 0.000973 5186369.000000
1 935 0.052372 22972630.000000
1 78 0.004393 28686.935547
1 1094 0.061634 55078392.000000
1 472 0.026620 19963.414062
1 10 0.000564 860.839844
2 558 0.031518 43781176.000000
2 44 0.002486 1522106.375000
1 189 0.010680 57963.503906
2 32 0.001810 527.818420
2 40 0.002262 2248432.250000
1 3855 0.218438 193587744.000000
2 561 0.031806 42455500.000000
1 407 0.023084 15968874.000000
1 95 0.005391 5484730.500000
2 14 0.000798 329.363922
2 141 0.008037 6773289.500000
1 192 0.010945 1676358.500000
2 6 0.000342 1153.862793
2 21 0.001199 3895726.500000
2 54 0.003097 2188154.500000
1 304 0.017439 20441654.000000
2 67 0.003847 6868694.500000
2 10 0.000576 2084568.750000
2 3 0.000174 147387.359375
1 316 0.018319 20717244.000000
1 35 0.002033 1697321.750000
1 116 0.006739 3400035.000000
2 1 0.000058 0.405333
1 72 0.004186 4271270.000000
2 15 0.000872 1224771.875000
1 72 0.004188 2381940.750000
2 152 0.008849 7882338.000000
1 4 0.000233 785789.812500
1 401 0.023368 12234974.000000
2 6 0.000351 797946.312500
1 197 0.011525 16082674.000000
1 63 0.003690 4718924.000000
1 35 0.002053 656688.875000
1 2720 0.159793 164241184.000000
2 11 0.000649 56.342434
1 6 0.000356 478667.343750
1 145 0.008612 8617239.000000
1 172 0.010216 6907383.500000
1 122 0.007257 2562811.500000
1 18 0.001071 823484.812500
1 552 0.032855 32874486.000000
1 59 0.003516 1173017.875000
2 143 0.008526 8354015.000000
1 104 0.006210 8334213.000000
2 1 0.000060 0.237221
1 764 0.045911 42115392.000000
1 32 0.001929 7640937.000000
2 1 0.000060 0.281063
1 893 0.053990 58407324.000000
2 32 0.001936 1397758.625000
1 362 0.021965 15958122.000000
2 42 0.002549 3630825.000000
1 37 0.002255 1108090.750000
1 25 0.001524 2530288.500000
2 33 0.002016 4095142.500000
2 2 0.000123 1.043809
2 8 0.000494 66597.343750
1 52 0.003215 2992442.750000
1 385 0.023827 17044642.000000
2 30 0.001868 1253918.000000
2 20 0.001245 1009493.125000
1 36 0.002244 2773989.000000
1 148 0.009240 3313050.250000
2 21 0.001311 1055916.375000
1 290 0.018110 20145686.000000
2 116 0.007259 7762621.000000
1 84 0.005294 2772423.250000
1 362 0.022839 32370628.000000
2 68 0.004292 8554977.000000
1 440 0.027792 35220704.000000
2 46 0.002911 2611178.750000
2 63 0.003987 3590357.750000
1 106 0.006768 667603.687500
2 7 0.000448 2.290520
2 5 0.000320 3.260787
1 278 0.017945 13476217.000000
1 47 0.003041 514580.093750
2 6 0.000390 1199.947388
2 1 0.000065 0.868390
1 219 0.014244 18363426.000000
2 36 0.002343 1731440.125000
2 14 0.000913 133142.328125
2 13 0.000848 2041847.375000
2 1 0.000065 0.945471
2 19 0.001267 1551038.250000
2 1 0.000067 1.340581
2 15 0.001043 3514.763428
1 261 0.018207 20728426.000000
1 380 0.026531 22049724.000000
2 4 0.000281 186.529144
1 24 0.001685 1506429.500000
1 118 0.008296 4865260.500000
2 118 0.008317 4344122.000000
2 52 0.003667 4360452.500000
1 27 0.001907 1522749.125000
2 6 0.000428 3.243149
2 14 0.000999 1190.282715
2 2 0.000143 4.898124
2 56 0.003999 4044303.000000
2 4 0.000286 3.288895
1 7757 0.554190 297160416.000000
2 1 0.000071 3.308698
2 16 0.001144 25051.832031
2 39 0.002805 3602313.500000
2 4 0.000289 60.129238
2 48 0.003679 972791.062500
2 198 0.015175 9411208.000000
2 22 0.001693 621715.312500
2 12 0.000934 1100699.750000
2 6 0.000467 3057.794189
2 310 0.024190 47003364.000000
2 1 0.000079 12.945358
2 265 0.021048 14323646.000000
1 1 0.000080 6.537760
2 17 0.001353 258.898041
2 55 0.004384 741219.375000
2 7 0.000558 36153.113281
2 2455 0.196055 180640048.000000
2 37 0.002960 633014.875000
2 27 0.002166 1986266.500000
1 171 0.014537 12892956.000000
1 308 0.026197 10889461.000000
1 143 0.012172 9989647.000000
1 46 0.003922 5257502.000000
1 10 0.000854 2141360.250000
2 182 0.016010 43639640.000000
2 62 0.005475 5147329.000000
2 2 0.000180 83.480698
2 7 0.000633 468.703857
1 6 0.000551 35132.015625
1 69 0.006341 6948250.500000
1 13 0.001197 518416.750000
2 6 0.000553 59677.957031
1 40 0.003685 5055924.500000
2 61 0.005631 5377839.000000
2 11 0.001016 177099.265625
2 13 0.001206 315589.312500
2 53 0.004929 4460577.000000
1 40 0.003721 10212963.000000
1 108 0.010053 12152939.000000
1 432 0.040216 19714590.000000
2 2 0.000186 243.973190
2 22 0.002052 2947780.500000
2 50 0.004664 6738708.000000
1 311 0.029095 33110126.000000
2 73 0.006866 17625156.000000
2 1 0.000095 91.488640
2 3 0.000285 137.576813
2 60 0.005692 11022305.000000
1 360 0.034208 30394460.000000
1 1548 0.147386 185610112.000000
2 29 0.002765 3707343.500000
2 89 0.008488 17179498.000000
2 59 0.005629 10773825.000000
2 80 0.007670 8125154.500000
2 62 0.006731 6688917.000000
1 14 0.001527 5866.226074
1 233 0.025439 264057.218750
1 90 0.009830 12697026.000000
1 187 0.020430 101986.929688
1 149 0.016512 7341929.000000
1 345 0.038253 27371230.000000
2 35 0.003990 2375067.500000
2 2 0.000241 1222.856812
2 21 0.002530 2771486.000000
1 102 0.012289 10785926.000000
2 79 0.009520 15782593.000000
2 165 0.019884 22436220.000000
2 1 0.000121 410.208069
2 9 0.001086 1369837.000000
2 1 0.000121 825.768982
2 1 0.000121 835.742920
2 398 0.048225 62056288.000000
2 7 0.000849 8373.898438
1 138 0.016744 188735.078125
2 89 0.010811 11952906.000000
2 2 0.000243 429.098724
1 88 0.010707 22630698.000000
2 135 0.016473 1540019.000000
2 284 0.034655 122097048.000000
2 30 0.003665 4687574.500000
2 197 0.024071 27515064.000000
1 62 0.007652 96175.921875
2 2 0.000247 472.356995
2 29 0.003607 446031.906250
1 755 0.095642 99500432.000000
2 7 0.000888 175913.296875
2 111 0.014092 21463046.000000
2 4 0.000509 74725.296875
1 283 0.038666 32732362.000000
1 195 0.026661 24447866.000000
1 1 0.000137 2015.779785
1 987 0.135076 152807520.000000
1 888 0.121777 72475672.000000
1 2 0.000275 2075.125488
1 96 0.013218 9710215.000000
1 222 0.030616 23071784.000000
1 23 0.003200 620938.125000
1 69 0.010691 16195027.000000
2 14 0.002255 5236318.000000
1 62 0.009997 10265396.000000
2 8 0.001295 18349.349609
2 1 0.000163 6083.367676
2 3 0.000490 12608.392578
2 6 0.000979 15959.267578
2 54 0.008816 9814715.000000
2 50 0.008165 22623568.000000
2 53 0.008656 8267400.000000
1 74 0.012133 17847622.000000
2 1 0.000164 3192.918457
2 13 0.002149 223256.140625
2 1 0.000166 6787.737305
2 14 0.002323 659872.812500
2 9 0.001500 1427792.875000
2 6 0.001000 1122594.000000
2 3 0.000500 66675.343750
2 1 0.000167 7026.090820
1 318 0.053088 45320160.000000
2 10 0.001670 35024.523438
2 13 0.002175 7555243.000000
2 39 0.006528 10049121.000000
2 2 0.000335 7164.516602
2 1 0.000168 7269.208984
2 11 0.001849 79454.445312
2 4 0.000672 188415.015625
2 66 0.011098 12129956.000000
2 4 0.000673 69822.210938
2 24 0.004060 1081986.500000
2 56 0.009475 1296192.500000
2 4 0.000681 12735.374023
2 2 0.000341 65377.417969
2 2 0.000342 57978.457031
1 122 0.020955 37291544.000000
2 10 0.001719 46634.550781
2 21 0.003611 13691520.000000
2 2 0.000344 8328.776367
2 1 0.000175 9205.172852
2 67 0.011724 18223902.000000
2 4 0.000715 256841.968750
2 22 0.003933 1805155.875000
2 1 0.000179 5176.748047
2 12 0.002151 55045.949219
2 2 0.000359 10389.816406
2 1 0.000180 10400.216797
2 74 0.013297 2868456.250000
2 1 0.000180 10473.309570
2 3 0.000540 103631.359375
2 3 0.000540 10504.792969
2 1 0.000180 10531.121094
2 1 0.000180 10652.968750
2 3 0.000544 21867.517578
2 2 0.000363 64991.851562
2 2 0.000366 65691.757812
2 1 0.000183 11610.172852
1 3 0.000868 129281.101562
1 1 0.000289 84425.867188
1 373 0.108147 114948752.000000
1 692 0.201397 229561168.000000
2 7 0.002043 1489360.250000
2 29 0.008465 10166901.000000
2 2 0.000584 85874.109375
2 1 0.000293 87085.406250
2 355 0.104075 74558224.000000
1 162 0.047929 63453620.000000
1 510 0.150977 156160160.000000
2 2 0.000596 167522.562500
2 1 0.000298 91599.609375
2 10 0.003081 2097369.000000
2 56 0.017555 13923887.000000
2 65 0.021488 13473960.000000
1 12 0.004075 1215851.500000
2 7 0.002383 856718.562500
2 76 0.025965 23630102.000000
2 1 0.000342 137981.484375
1 111 0.038276 30632406.000000
2 1 0.000348 220989.718750
2 1 0.000348 144914.515625
2 2 0.000696 1243803.000000
2 60 0.021008 9619093.000000
2 4 0.001402 685913.937500
1 8 0.002814 2243641.000000
2 3 0.001057 304183.437500
2 7 0.002477 2269321.750000
2 3 0.001063 1527248.125000
2 1 0.000355 152959.171875
2 2 0.000710 231943.750000
1 93 0.033155 24018576.000000
2 24 0.014243 10054807.000000
2 6 0.003597 1206137.750000
2 1 0.000600 478062.218750
2 3 0.001801 724696.187500
1 735 0.516514 421373120.000000
1 10 0.007097 5394164.000000
1 310 0.220014 184472928.000000
1 22 0.015681 9225286.000000
1 27 0.019258 17810480.000000
1 1 0.000713 615766.312500
1 1 0.000714 308345.500000
1 1 0.000714 308654.156250
1 259 0.187954 146884352.000000
1 118 0.086574 71051528.000000
1 39 0.028719 22773788.000000
1 109 0.082764 38828592.000000
2 4 0.003120 1708417.375000
1 18 0.014754 11940648.000000
1 15 0.012386 10098582.000000
1 76 0.062966 49523664.000000
1 1 0.000831 716905.125000
1 4 0.003322 1448985.750000
1 153 0.127606 82907128.000000
2 22 0.018550 9149933.000000
2 3 0.002530 1098381.750000
2 5 0.004219 2047593.125000
2 1 0.000864 749919.625000
2 2 0.001727 1128075.000000
1 9 0.007779 5701248.000000
2 114 0.100000 58382848.000000
2 63 0.055263 37984824.000000
1 70 0.062668 37405152.000000
2 38 0.034050 17843752.000000
2 2 0.001830 1209994.125000
2 2 0.001835 1221909.000000
2 2 0.001842 1211965.500000
2 1 0.000929 812004.750000
2 2 0.001862 1223301.250000
2 8 0.007477 3614197.000000
1 20 0.023866 1572214.000000
2 8 0.009592 4651572.500000
2 2 0.002398 1021084.687500
1 31 0.037170 13874329.000000
2 1 0.001199 1026213.187500
1 19 0.022919 13913765.000000
1 115 0.138889 22741374.000000
1 78 0.094317 45810740.000000
2 1 0.001214 1031867.625000
2 1 0.001214 1032900.500000
1 1 0.001215 1034969.437500
1 1 0.001220 1038081.562500
1 3 0.003663 2178129.500000
1 1 0.001224 1041201.062500
1 6 0.007371 2832407.000000
1 3 0.003686 2739631.000000
2 5 0.006196 1772149.750000
1 18 0.022305 8804922.000000
2 2 0.002497 1678449.000000
2 65 0.082697 24614434.000000
2 2 0.002594 1085885.625000
2 26 0.034166 17760756.000000
2 1 0.001333 1718311.375000
1 16 0.021362 8278984.000000
1 125 0.170999 71014096.000000
1 28 0.038835 17160366.000000
2 11 0.015299 8514761.000000
2 2 0.002782 569368.375000
1 7 0.009763 6197557.000000
2 4 0.005579 2267453.000000
1 173 0.245739 99072416.000000
2 4 0.005814 1687517.625000
2 39 0.058036 33614692.000000
1 27 0.040847 18535156.000000
1 11 0.016949 7161412.500000
2 2 0.003096 2237231.000000
2 3 0.004680 2325189.250000
1 3 0.004695 2325187.250000
2 2 0.003145 2332402.750000
1 13 0.022337 8456851.000000
3 1 0.001848 1335758.750000
3 1 0.001855 1338434.250000
3 1 0.001855 1340444.875000
2 1 0.002037 1404279.625000
1 1 0.002075 1414149.000000
2 1 0.002114 1426940.250000
1 19 0.041126 12928792.000000
1 12 0.026549 6482103.000000
1 1 0.002564 1541214.875000
1 6 0.015666 6165129.500000
1 5 0.013298 4378298.500000
1 23 0.068862 16736247.000000
1 1 0.003096 1644774.875000
1 30 0.100671 20184288.000000
1 14 0.052632 11521673.000000
1 1 0.004367 1792563.250000
2 9 0.042453 9645980.000000
1 3 0.014218 3842962.500000
2 1 0.005376 1863890.625000
2 1 0.007092 1943882.125000
3 1 0.009346 2009133.625000
2 1 0.011111 2041554.625000
2 2 0.022222 2045645.875000
2 1 0.011111 2046668.250000
2 4 0.090909 2148461.750000
2 1 0.023256 1069389.125000
2 1 0.023810 1070459.625000
1 4 0.097561 2152754.500000
1 3 0.073171 2153827.000000
1 3 0.081081 2154894.250000
2 2 0.074074 1086645.625000
2 1 0.038462 2180915.250000
2 1 0.041667 2185283.750000
2 1 0.043478 2189660.750000
1 2 0.111111 3297123.000000
1 2 0.111111 3302622.000000
2 1 0.062500 2198441.250000
2 1 0.062500 2201744.000000
2 1 0.066667 2202844.750000
2 3 0.200000 2210581.750000
1 2 0.142857 2211685.000000
1 1 0.083333 2209466.500000
2 2 0.222222 3330284.250000
1 1 0.125000 2216108.250000
2 1 0.250000 2220547.000000
2 1 0.250000 2223883.000000
2 1 0.333333 2224994.750000
2 1 0.333333 2228337.500000
1 1 0.500000 2229451.500000
